0.20228577

-0.07632446

-0.3617859

0.36341858

-0.05430603

-0.30377197

0.44493103

-0.28050232

-0.10475159

0.41056824

-0.42747498

0.19241333

0.09390259

-0.27667236

0.29833984

-0.13296509

-0.14808655

0.36694336

-0.3207245

-0.00010681152

0.34117126

-0.40304565

0.18405151

0.13337708

-0.3675995

0.36479187

-0.09580994

-0.19274902

0.31314087

-0.23982239

7.6293945e-05

0.2693634

-0.35888672

0.2073822

0.092666626

-0.34020996

0.38587952

-0.2211914

-0.05606079

0.24467468

-0.22602844

0.03540039

0.18800354

-0.42964172

0.12910461

0.713089

-0.9723511

0.23188782

0.5452881

-0.34571838

-0.38305664

0.53900146

0.037231445

-0.65426636

0.56803894

0.28196716

-0.89930725

0.48434448

0.49925232

-0.9552307

0.34210205

0.6134033

-0.62532043

-0.1815033

0.6070099

-0.21965027

-0.43701172

0.4749756

0.26748657

-0.73979187

0.374115

0.35786438

-0.7391052

0.3735962

0.37930298

-0.62698364

0.066467285

0.58000183

-0.44224548

-0.2833252

0.5718994

-0.07426453

-0.53811646

0.4940033

0.14266968

-0.68388367

0.16966248

1.0039673

-1.2780304

0.491333

0.3450775

-0.5150604

0.2783661

-0.3922577

0.9724426

-1.4367523

1.3164673

-0.75675964

0.556427

-0.8644562

1.0481262

-0.68618774

-0.046463013

0.5243988

-0.5149689

0.41940308

-0.69107056

1.1761017

-1.3293304

1.0079346

-0.6876068

0.75764465

-0.92045593

0.7645416

-0.22125244

-0.2931671

0.38356018

-0.34580994

0.5754852

-1.0552368

1.335556

-1.0901947

0.66192627

-0.54652405

0.73347473

-0.8116913

0.4553833

0.10134888

-0.36566162

-0.5999756

1.3461761

0.4792633

-2.1412354

0.61798096

0.98347473

0.46546936

-1.6031952

-0.17494202

1.1923981

0.1519165

-0.17410278

-1.2846527

0.84594727

0.36645508

0.55870056

-1.4197693

-0.12724304

1.2797546

0.12335205

-0.8734131

-0.8099518

1.368576

0.1282959

-0.17727661

-1.3362732

0.9541321

0.8492279

-0.64715576

-0.7097168

-0.06259155

1.4598389

-0.3163147

-0.8940277

-0.57115173

1.4587555

0.19906616

-0.8534851

-0.5483551

0.50379944

1.0874176

-0.75201416

-0.7005768

0.42900085

1.0552063

-1.3909607

1.0111694

-0.8255005

-0.6569824

2.0816345

-0.41551208

-2.141693

0.8336029

2.209488

-1.9047546

-0.37922668

1.0860901

-0.49874878

-0.056015015

0.78915405

-1.0688171

-0.76153564

2.2881622

-0.32844543

-1.9152985

0.82792664

1.1687164

-1.1837921

0.29481506

0.4348755

-1.2647247

1.0114288

0.87924194

-1.2912903

-0.9060669

1.8206177

-0.07783508

-1.4924927

0.88838196

0.51501465

-0.74710083

0.47021484

0.30566406

-1.6154327

0.9917755

1.2579803

-1.9502106

-1.099884

3.7157898

-1.5611877

-1.6010895

2.7958527

-2.0867767

-0.19343567

2.1678925

-2.0120544

-0.058135986

1.4246674

-0.76538086

0.10447693

0.026290894

-0.41226196

0.98472595

-1.1754913

0.32263184

1.182312

-2.1838531

1.4215698

1.0827179

-2.695755

1.484787

1.0853729

-2.3557892

1.4798889

0.36886597

-2.0273438

2.117859

-0.28541565

-1.2901764

1.2416687

-0.49128723

0.1076355

0.3478241

-1.3926544

1.5279694

0.15327454

-1.6077881

1.4655151

-0.5007019

0.38850403

1.7940826

-3.104721

-1.4192657

2.438919

-0.33236694

0.91067505

1.0955658

-2.2621002

-0.322052

0.018218994

-0.5679474

2.5885925

0.29792786

-0.8351593

-0.74871826

-2.047348

1.3327637

1.5195465

-0.27371216

0.7054596

-0.88772583

-2.1153564

1.2839203

0.3517456

0.19380188

2.0338135

-1.383667

-1.4390869

-0.22068787

-0.16485596

1.6208496

1.1422882

-1.0395966

-0.60543823

-1.2827606

-0.094955444

1.784317

0.2400055

0.5219574

0.075912476

-2.127655

-0.31729126

0.8154144

0.19213867

1.5974884

-0.1131134

-1.5188904

-0.3453064

-0.5561676

0.49795532

1.4322052

0.07348633

-0.07052612

-0.616333

-1.3896332

0.6385193

0.6544342

0.5229187

0.78300476

-1.197113

-1.002594

0.2593689

-0.25379944

0.77682495

1.2627106

-0.62690735

-0.32128906

-0.4506836

-0.84376526

0.835907

0.57421875

0.19577026

0.11366272

-1.1191711

-0.31108093

0.3835907

0.15647888

1.0329895

0.1359253

-0.9774475

-0.018341064

-0.696167

-0.22052002

1.3138733

0.26589966

-0.15960693

-0.18989563

-0.8898926

-0.013946533

0.5601196

0.2083435

0.61035156

-0.27705383

-0.5995941

-0.16798401

-0.30082703

0.3715515

0.7856903

-0.18858337

-0.09329224

-0.38223267

-0.647995

0.578598

0.4041443

-0.074798584

0.42903137

-0.4002838

-0.69737244

0.13162231

0.05366516

0.46655273

0.42106628

-0.2551117

-0.18884277

-0.42436218

-0.20669556

0.61001587

0.12573242

0.084365845

0.0703125

-0.59806824

-0.16056824

0.27189636

0.015258789

0.49194336

0.0134887695

-0.5373993

-0.1179657

-0.08943176

0.08416748

0.480011

0.10523987

-0.046020508

-0.17764282

-0.43191528

0.068740845

0.2580719

0.1043396

0.30233765

-0.26060486

-0.43789673

0.13034058

-0.037704468

0.2024231

0.3345642

-0.12687683

-0.17251587

-0.19984436

-0.181427

0.21426392

0.24635315

0.1308136

0.050735474

-0.3722229

-0.110061646

0.14057922

-0.061523438

0.24685669

0.09776306

-0.23394775

-0.05307007

-0.13644409

-0.08480835

0.36706543

0.14276123

-0.060394287

-0.04118347

-0.286438

-0.040512085

0.12220764

0.045318604

0.19850159

-0.042663574

-0.19770813

-0.019363403

-0.0899353

0.10499573

0.25979614

-0.07447815

-0.049118042

-0.050338745

-0.22489929

0.065704346

0.1524353

0.039749146

0.12324524

-0.08602905

-0.17477417

0.013870239

-0.030303955

0.10089111

0.12869263

-0.0790863

-0.017074585

-0.090530396

-0.110183716

0.17118835

0.08848572

-0.007858276

0.03112793

-0.15699768

-0.08882141

0.09700012

0.025177002

0.08100891

0.04232788

-0.13127136

-0.035003662

-0.034729004

0.008071899

0.14016724

0.030532837

-0.02078247

-0.027053833

-0.13421631

0.0061798096

0.07974243

0.02229309

0.08532715

-0.029434204

-0.12130737

-0.0012359619

-0.021911621

0.044509888

0.117004395

-0.01133728

-0.05506897

-0.0476532

-0.06503296

0.05819702

0.05369568

0.011154175

0.038879395

-0.069244385

-0.07267761

0.025665283

0.0017852783

0.056915283

0.058151245

-0.057876587

-0.020065308

-0.016601562

-0.050079346

0.062561035

0.06010437

-0.006164551

-0.016830444

-0.063568115

-0.013214111

0.032104492

0.013748169

0.050979614

0.001739502

-0.05381775

-0.01701355

-0.018371582

0.015777588

-0.25456238

0.6354065

-0.36543274

-0.3408966

0.6056366

-0.16383362

-0.42044067

0.51264954

0.15939331

-0.6976166

0.3058014

0.3857422

-0.5758667

0.042160034

0.5795746

-0.44073486

-0.18687439

0.47610474

-0.12132263

-0.4929657

0.55307007

0.09474182

-0.53123474

0.2571869

0.28427124

-0.46284485

-0.008087158

0.52653503

-0.31988525

-0.27848816

0.5213623

-0.20178223

-0.39118958

0.43743896

0.15319824

-0.50216675

0.24176025

0.2765503

-0.48753357

0.055511475

0.45628357

-0.28471375

-0.2191925

0.35369873

0.42100525

-1.288208

1.177536

-0.48085022

0.09629822

-0.17930603

0.14263916

0.21264648

-0.89331055

1.344284

-1.1311493

0.77223206

-0.7967529

1.038147

-1.0410919

0.6147766

-0.08758545

-0.024475098

-0.12684631

0.007827759

0.5028076

-1.0433807

1.1579742

-0.9151001

0.7850952

-0.9195862

1.0041351

-0.7565155

0.22427368

0.13298035

-0.09220886

0.06460571

-0.30859375

0.6799011

-0.9269562

0.90689087

-0.7891388

0.83325195

-0.92570496

0.792511

-0.3960266

-0.06411743

-0.43667603

1.4091797

-0.5624542

-1.6593018

1.6644745

0.21812439

0.08757019

-1.4379578

0.48349

0.9468231

-0.058883667

-0.8050232

-0.68013

1.3406067

0.33016968

-0.4300537

-1.4185486

1.2118225

0.52505493

-0.37875366

-0.7216034

-0.012924194

1.2685394

-0.50531006

-0.41363525

-0.6277771

1.1356812

0.25468445

-0.67230225

-0.64901733

0.7797241

0.7563324

-0.8765106

-0.46009827

-0.025009155

1.4517059

-0.5567169

-0.7573395

-0.27993774

0.9504852

0.45761108

-0.8740692

-0.24539185

0.18824768

2.2837372

-2.8098145

-0.13438416

1.5231781

-0.7481537

0.18466187

0.6647644

-1.4020996

-0.22705078

2.2745056

-1.1827087

-1.5289459

1.723877

0.26164246

-1.2670288

0.85580444

0.16177368

-1.6103973

1.9168854

-0.007095337

-1.7041016

0.5252533

1.8108368

-1.6866608

-0.22180176

1.1909637

-0.98669434

0.24513245

0.9654846

-1.263443

-0.82785034

2.5391998

-0.905838

-1.4350128

1.2363281

0.3992157

-1.0706177

0.65449524

0.143219

-1.2909546

1.47789

0.36824036

-1.8969574

-0.37690735

3.311966

-1.7896423

-1.8392487

3.3318176

-2.065567

-0.45419312

2.507248

-2.1957245

-0.3627777

2.3055267

-1.5336609

-0.1746521

0.6703949

-0.8425293

1.044281

-0.45681763

-0.4915619

1.174469

-1.4554749

0.75239563

1.1357574

-2.753357

1.9648438

1.0183868

-2.9162445

1.9757233

0.40446472

-2.235321

1.8906097

0.3190155

-2.02005

1.6961212

-0.0030059814

-1.2217255

1.1389618

-0.7311249

0.21350098

0.76556396

-1.2588501

0.8308258

0.116867065

-1.2992401

2.4602356

-2.6628723

-1.3634338

3.693344

-0.35032654

-0.31349182

1.2550507

-3.0657043

-0.53874207

1.9514465

-0.20484924

1.2059937

0.26141357

-1.9125366

-0.026107788

-0.4284973

0.88749695

1.6834106

-1.0730743

-0.2638092

-0.66667175

-1.6083069

1.8430328

1.3745728

-1.0319977

0.9273529

-1.4996948

-1.4491425

1.9314575

0.19026184

0.47595215

0.934906

-1.9526672

-0.85502625

0.31222534

0.56040955

1.4171906

-0.21865845

-0.72598267

-0.16845703

-1.6156311

0.6606293

1.8924866

1.0212708

0.098098755

-3.3679657

-1.7686157

3.4324188

1.5322113

-2.3462067

-0.63319397

1.4218292

0.86112976

-1.1191254

-2.5349426

1.3683319

3.2952423

-0.24645996

-2.3928986

-1.999466

1.4278107

2.9016266

-1.1164703

-1.9549103

0.9387207

1.2642517

-0.20335388

-1.9410858

-0.932724

2.716095

2.162796

-1.9540405

-2.5850677

-0.022201538

2.2551727

1.0622559

-2.0340729

-0.60653687

1.7550507

0.48336792

-1.1764832

-1.5054779

0.64460754

2.613205

-0.19937134

-2.788498

-0.5893402

1.930603

1.5483246

-1.164093

-1.934967

1.3449402

1.7064056

-1.3793182

-1.6047668

0.3944702

1.9229584

0.7602997

-2.039566

-1.3778839

1.2445679

1.5809937

-0.02128601

-1.6239319

-0.6151886

2.0277863

0.27799988

-2.0505219

-0.3918152

1.314743

1.3611145

-0.4071045

-1.9605255

-0.2887268

1.6620483

0.5526428

-0.96102905

-0.67819214

0.9041443

0.8829651

-1.3171997

-1.0761719

0.9482269

1.2649536

0.121017456

-1.2326508

-0.8499298

0.98143005

0.73316956

-0.6261902

-0.4532318

0.38731384

0.8425598

-0.3546753

-1.5007935

0.17427063

1.5634613

0.404953

-0.84207153

-1.2722626

0.2711792

1.4634552

-0.16633606

-1.0093231

0.19973755

0.64305115

0.15759277

-0.7283325

-0.7993622

0.8805084

1.1783142

-0.5175171

-1.1079712

-0.24975586

0.8162079

0.69104004

-0.6418915

-0.5603485

0.64201355

0.3453064

-0.40979004

-0.65060425

0.07035828

1.1272888

0.17362976

-1.111969

-0.3899536

0.54667664

0.53086853

-0.07090759

-0.5075531

0.058624268

0.5216522

-0.13531494

-0.6342163

-0.13412476

0.6854248

0.5663605

-0.5410919

-0.7167206

0.14419556

0.5889435

0.19309998

-0.46292114

-0.26757812

0.51885986

0.19360352

-0.601532

-0.23991394

0.4109192

0.56715393

-0.067718506

-0.7294159

-0.19493103

0.51075745

0.24560547

-0.16517639

-0.26579285

0.077697754

0.36904907

-0.14134216

-0.52027893

0.043029785

0.5453491

0.25061035

-0.4287567

-0.45413208

0.24632263

0.39442444

-0.070877075

-0.2909546

-0.010498047

0.32080078

0.042556763

-0.3959198

-0.06945801

0.3032837

0.21434021

-0.10676575

-0.4068756

-0.042755127

0.4617157

0.057678223

-0.3340912

-0.055892944

0.20133972

0.15364075

-0.18128967

-0.3164215

0.16331482

0.4115448

-0.020126343

-0.3928833

-0.17556763

0.3026123

0.27423096

-0.21496582

-0.23194885

0.11730957

0.19119263

-0.020889282

-0.27799988

-0.033599854

0.3768921

0.09849548

-0.3320923

-0.18086243

0.16299438

0.24118042

-0.04864502

-0.24905396

0.02532959

0.21577454

-0.004486084

-0.16793823

-0.09732056

0.14793396

0.22981262

-0.13006592

-0.25737

0.039001465

0.18148804

0.068481445

-0.109558105

-0.120269775

0.12263489

0.14213562

-0.1471405

-0.18988037

0.07058716

0.25350952

0.03668213

-0.26036072

-0.0977478

0.19563293

0.12037659

-0.10954285

-0.13237

0.06488037

0.16365051

-0.070236206

-0.20309448

0.034942627

0.1963501

0.066970825

-0.13755798

-0.15470886

0.08357239

0.15864563

-0.040267944

-0.123809814

-0.0068359375

0.10990906

0.045440674

-0.12295532

-0.07020569

0.114089966

0.094177246

-0.04676819

-0.12011719

-0.03567505

0.34606934

-0.20600891

-0.2915802

0.47387695

-0.31407166

-0.007461548

0.38146973

-0.5794525

0.31282043

0.19439697

-0.38848877

0.32917786

-0.22389221

-0.111846924

0.48483276

-0.3918457

-0.046157837

0.3282013

-0.35169983

0.26535034

-0.040283203

-0.34999084

0.51000977

-0.17790222

-0.17329407

0.2802124

-0.34013367

0.23867798

0.12774658

-0.41401672

0.34243774

-0.03930664

-0.21131897

0.3124237

-0.28059387

0.021987915

0.3215332

-0.3655548

0.13548279

0.05278015

-0.2020874

0.32174683

-0.16493225

-0.22827148

0.496109

-0.68029785

0.6754608

-0.04397583

-0.73031616

0.7129059

0.15971375

-0.7589569

0.44010925

0.1771698

-0.3314209

0.0017852783

0.32444763

-0.170578

-0.40863037

0.6424866

-0.09989929

-0.68692017

0.7020874

0.09844971

-0.7017822

0.53530884

0.104766846

-0.53941345

0.26905823

0.2886963

-0.38581848

-0.09408569

0.48735046

-0.15097046

-0.5768585

0.6689911

0.020462036

-0.5676727

0.39970398

0.2124176

-0.5827942

0.2702942

0.32476807

-0.46832275

0.03704834

0.3993988

0.44647217

-1.3883209

1.0830841

-0.5609131

0.41693115

-0.84562683

1.464386

-1.7131805

1.2346497

-0.6334381

0.6556854

-0.85939026

0.63586426

0.06185913

-0.64234924

0.7246399

-0.62184143

0.79530334

-1.2923126

1.6341248

-1.4537811

0.8791046

-0.47280884

0.43450928

-0.37579346

-0.06982422

0.686203

-0.97436523

0.8683319

-0.8204498

1.0742035

-1.3130951

1.2632294

-0.89756775

0.44010925

-0.22961426

0.19615173

0.03163147

-0.4921875

0.83058167

-0.8690491

0.7630768

-0.82728577

1.8435822

-1.5993347

-0.582016

0.5977936

1.1405334

-0.4407959

-1.4804382

0.7060547

0.53933716

0.83306885

-1.8468933

0.40411377

0.34968567

0.9703522

-1.1441345

-0.70425415

0.96017456

0.5444031

-0.00491333

-1.6860352

0.99897766

0.47392273

0.28341675

-1.1859741

-0.2162323

1.3106995

-0.10206604

-0.44787598

-0.93681335

1.1360931

0.3528595

-0.28468323

-1.2483673

0.85014343

0.80952454

-0.37921143

-0.6129761

-0.57650757

1.4891205

-0.07385254

-0.64889526

-0.7185669

0.9066162

0.0096588135

0.95188904

-2.6474

1.5108948

1.5988617

-2.1134796

0.18673706

0.66503906

-0.5311127

0.37705994

1.0175934

-2.027008

-0.08857727

2.368103

-1.1613159

-1.2211304

1.41156

-0.0155181885

-0.7296753

0.8181915

-0.45439148

-1.1538544

1.8966217

0.08149719

-1.7532806

0.32470703

1.6885376

-1.296051

0.05657959

0.39190674

-0.92303467

0.6882324

1.1452332

-1.523407

-0.82647705

2.1912231

-0.62086487

-1.0413055

0.8830414

-0.123413086

-0.64894104

1.1765137

-0.26916504

-2.6966553

2.5404053

1.834671

-3.6111908

1.1830292

2.1065674

-3.2120209

1.6981354

0.9762268

-2.626358

1.8505402

0.34051514

-1.66008

1.0984955

0.17930603

-0.5769043

0.96069336

-1.6878662

0.9320526

1.0795898

-1.9623108

1.3086853

0.14816284

-1.883316

2.3316803

-0.48620605

-2.0225067

2.459732

-0.5121918

-1.4434967

1.9734497

-1.2575836

-0.36546326

1.5627899

-1.0470734

-0.10951233

0.47642517

-0.5909271

1.0179596

-0.6976166

-0.82536316

1.920105

-1.162674

-0.39427185

2.5326233

-1.4480438

-0.7602844

0.537796

-2.5861053

1.7118683

2.242981

-1.2139282

0.31207275

-1.0068054

-1.9355164

1.8445587

0.828125

0.44250488

0.49317932

-1.8446808

-0.3326416

-0.169281

-0.48110962

2.6606445

-0.09327698

-1.4099731

0.7832947

-1.7891693

-0.119903564

2.6473694

-0.62716675

-0.4213562

0.28450012

-2.1095276

0.3506012

1.1389618

0.2969513

1.3842468

-0.8254547

-1.4162903

-0.14595032

-0.3837433

1.5567169

1.0138702

-1.186142

0.147995

-0.6934967

-1.3464966

1.5820312

0.8954315

-0.29284668

0.49771118

-1.3214264

-0.9368744

0.9805603

0.058792114

0.9158783

0.4046936

-1.2015228

-0.3564453

-0.6039429

0.27487183

1.4148712

-0.17074585

0.03944397

0.00064086914

-1.5709991

0.19926453

0.96469116

0.0048065186

0.93226624

-0.49301147

-1.2784271

0.21737671

-0.15812683

0.59568787

1.0408173

-0.28904724

-0.47634888

-0.5795593

-0.59355164

0.72546387

0.5509796

0.22203064

0.46247864

-0.9427643

-0.93614197

0.54022217

0.017623901

0.441864

0.7870636

-0.65859985

-0.4228058

-0.27415466

-0.27056885

0.78453064

0.4867096

-0.07936096

-0.18399048

-0.7711334

-0.14562988

0.44033813

0.10458374

0.76005554

-0.0259552

-0.761734

0.0705719

-0.3630829

0.0032958984

0.8686218

0.014663696

-0.39523315

-0.09893799

-0.54237366

0.18022156

0.49673462

0.10038757

0.31983948

-0.26901245

-0.443573

-0.047332764

-0.110946655

0.3665161

0.5194855

-0.47299194

-0.110198975

-0.104400635

-0.41622925

0.48912048

0.3619995

-0.044815063

0.13046265

-0.4052124

-0.44943237

0.2284851

0.14926147

0.3849945

0.18499756

-0.44021606

-0.13034058

-0.25569153

-0.051513672

0.5095062

0.12998962

-0.030471802

0.024719238

-0.52890015

-0.059936523

0.3375702

0.05317688

0.26559448

-0.023239136

-0.34002686

-0.09889221

-0.0070495605

0.080841064

0.27204895

-0.05038452

-0.053604126

-0.110321045

-0.3201294

0.23176575

0.2477417

0.0048217773

0.18218994

-0.22789001

-0.33224487

0.08570862

0.022964478

0.15446472

0.22706604

-0.12896729

-0.111450195

-0.16062927

-0.09977722

0.22570801

0.17533875

0.04701233

-0.04005432

-0.25846863

-0.12347412

0.13369751

0.04397583

0.19924927

0.09954834

-0.24253845

-0.07229614

-0.08970642

-0.005050659

0.22612

0.055343628

-0.06338501

-0.006881714

-0.16342163

-0.034622192

0.11659241

0.054367065

0.122909546

-0.048217773

-0.15950012

-0.009490967

-0.04673767

0.06404114

0.19033813

-0.05290222

-0.06929016

-0.025177002

-0.13963318

0.057876587

0.1407013

0.021942139

0.035217285

-0.1111145

-0.11824036

0.030670166

0.02923584

0.09133911

0.09147644

-0.08442688

-0.05911255

-0.06790161

-0.02923584

0.12309265

0.05532837

-0.0014343262

0.019226074

-0.13795471

-0.06466675

0.07858276

0.028396606

0.063949585

0.040405273

-0.08892822

-0.04084778

-0.034805298

0.0047454834

0.09535217

0.01626587

-0.0051574707

-0.03137207

-0.08804321

0.016067505

0.06422424

0.006790161

0.05038452

-0.03440857

-0.08666992

0.021972656

-0.00024414062

0.02708435

0.07609558

-0.030044556

-0.048095703

-0.02154541

-0.03692627

0.05455017

0.056167603

-0.0074005127

-0.00390625

-0.054992676

-0.040985107

0.027694702

-0.32925415

0.4957428

0.1963501

-0.786911

0.59207153

0.17295837

-0.6947937

0.34640503

0.4389801

-0.5751343

-0.11756897

0.678772

-0.4513092

-0.33239746

0.706192

-0.15905762

-0.55384827

0.68492126

-0.08099365

-0.6175995

0.43736267

0.3681183

-0.6611481

0.22998047

0.38430786

-0.5693054

-0.025039673

0.64974976

-0.41737366

-0.29089355

0.5962219

-0.24119568

-0.43307495

0.6062012

-0.031600952

-0.57481384

0.5201111

0.11557007

-0.55848694

0.2441864

0.3329773

-0.44122314

-0.0066986084

0.109069824

0.162323

-0.6334381

1.0771637

-0.91363525

0.7728729

-0.9756775

1.3598938

-1.503952

0.9847107

-0.25123596

0.059524536

-0.24191284

0.06599426

0.59484863

-1.1877289

1.2763824

-1.026001

0.79382324

-0.80000305

0.87416077

-0.47439575

-0.3851776

0.936203

-0.8386078

0.6088562

-0.750412

1.1431732

-1.2463684

0.78445435

-0.2857666

0.11048889

-0.021118164

-0.33544922

0.9200897

-1.2142029

1.0276031

-0.71229553

0.5110016

-0.47782898

0.52545166

-0.29452515

-0.24253845

0.3673401

-1.2655487

2.1683655

-0.5209656

-0.49786377

-1.2482452

1.5823059

0.5931244

-0.6278229

-1.0674896

0.047424316

1.8760223

-0.9837189

-0.0953064

-1.2222137

1.3737793

0.5376892

-0.5742798

-1.0003357

0.17445374

1.6008759

-0.46929932

-0.8036957

-0.68948364

1.6139374

0.17988586

-0.7744293

-0.81188965

0.56492615

1.1834869

-0.72161865

-0.6997528

-0.5944824

1.7300568

0.10908508

-0.7614441

-1.002121

0.8835602

0.88871765

-0.58273315

-0.45248413

-0.4748993

1.2368469

0.6492615

-1.1343994

-1.7490845

2.7471008

-0.4222107

-1.5269165

1.2997894

-0.34709167

-0.47065735

1.195694

-0.17358398

-2.1882782

2.0303345

0.64756775

-1.8994598

0.46150208

0.98205566

-0.67822266

-0.08757019

1.0308533

-1.6723022

0.22795105

1.7915802

-1.4069214

-1.0058441

1.9461517

0.05935669

-1.4949646

0.8704376

-0.13594055

-0.7213898

1.3592682

-0.07722473

-1.8134308

1.0886688

1.5202484

-1.8846588

-0.048721313

0.8440552

-0.47070312

0.08848572

1.040451

-1.8313599

0.2773285

3.0023499

-2.859787

-0.91204834

2.491272

-1.6438751

0.51197815

0.92855835

-1.8905029

0.9867401

0.44882202

-0.7946625

0.75727844

-1.1510162

0.6732483

1.4161682

-2.4883118

0.6604004

1.7732697

-2.5839233

1.9236145

-0.06338501

-2.286621

2.693222

-0.21528625

-2.0850067

1.6752625

-0.015106201

-0.91799927

1.23526

-0.9327545

-0.16976929

0.9848175

-0.9206848

0.7378845

-0.3897705

-0.7032623

1.4342194

-0.43493652

-1.3368683

2.0670624

-1.1889648

-0.65634155

3.6964111

-2.6737823

-1.6062164

0.98483276

-0.92163086

1.8286133

1.6422272

-1.6175232

-0.30697632

-1.2728577

-0.7367554

2.0995026

0.47947693

0.62242126

-0.47247314

-2.496521

0.41319275

0.8976898

0.048339844

2.261139

-0.8115845

-2.4356384

0.7544708

-0.7820587

0.725647

2.5075378

-0.61354065

-1.3533478

-0.77915955

-0.8470001

1.4146423

0.827301

0.32873535

0.3591156

-2.028183

-0.828537

0.9199219

0.034698486

1.6331329

0.8478546

-1.8488159

-0.48675537

-0.5530243

-0.43092346

4.161438

-1.9835205

-2.2649078

1.8587646

0.407547

-1.2975616

-0.9456024

0.73799133

2.930359

-0.018341064

-3.3805542

-0.810318

1.5619049

1.7530518

0.5574951

-2.6160889

-0.40066528

1.9667206

-0.43707275

-1.198349

0.14045715

1.2513428

1.4634705

-1.880127

-2.6298065

1.2530975

2.6311188

0.5097809

-1.8843994

-1.4648285

1.8873291

0.7646637

-2.2884521

-0.4578247

2.0002136

1.681015

-0.6612091

-3.2469788

-0.6485748

3.1538544

1.2071075

-1.7169037

-1.0991516

0.69911194

1.1853943

-0.8366394

-1.5174103

0.94487

1.925827

-0.040985107

-2.0319824

-1.5649567

1.6601257

2.0340118

-0.60292053

-1.5862122

-0.12057495

1.2353058

0.45544434

-1.6211853

-0.54086304

1.8230591

0.9217682

-1.1511688

-1.7918701

0.06085205

2.3410034

0.5874939

-1.8282623

-0.6575012

0.9721832

0.7902527

-0.8482361

-1.34906

1.1468506

1.8886871

-0.9185333

-1.8621368

-0.14154053

1.5375366

1.2165375

-1.0638275

-1.3914337

0.4695282

0.92341614

-0.08708191

-0.94670105

-0.19073486

1.5322876

0.5279846

-1.6804504

-0.8140106

1.0093079

1.1551056

-0.22218323

-1.4062042

-0.041870117

1.2329559

0.01625061

-0.9234314

-0.2020874

0.8907776

0.8181915

-0.87968445

-1.2461243

0.3981781

1.0219574

0.32385254

-0.63368225

-0.59820557

0.57214355

0.46658325

-0.7220459

-0.4714508

0.59225464

0.7121124

-0.13398743

-1.068634

-0.21125793

1.0830688

0.40647888

-0.6561737

-0.54763794

0.2952118

0.6445465

-0.33615112

-0.6789398

0.3249359

0.7523346

0.12332153

-0.71006775

-0.7510834

0.46520996

0.942749

-0.15289307

-0.62242126

-0.062408447

0.3849182

0.18473816

-0.49246216

-0.27493286

0.59158325

0.45829773

-0.35534668

-0.7055054

-0.10707092

0.7668152

0.38320923

-0.56703186

-0.3079071

0.29382324

0.28852844

-0.23486328

-0.444458

0.23156738

0.5896454

-0.12573242

-0.5375519

-0.0978241

0.36831665

0.3621521

-0.23980713

-0.3885498

0.14590454

0.28903198

-0.061447144

-0.35838318

-0.07675171

0.49310303

0.26757812

-0.4753723

-0.34179688

0.19915771

0.39511108

0.07762146

-0.4070282

-0.17781067

0.3335724

0.15002441

-0.25933838

-0.15600586

0.19174194

0.3330078

-0.10089111

-0.44195557

-0.08735657

0.36872864

0.25811768

-0.23132324

-0.30963135

0.16513062

0.24588013

-0.14529419

-0.16789246

0.07809448

0.22923279

0.04510498

-0.3113861

-0.1713562

0.25576782

0.20687866

-0.0650177

-0.20428467

-0.053329468

0.23222351

0.014968872

-0.24243164

0.0034942627

0.20666504

0.12187195

-0.1368866

-0.28338623

0.062301636

0.31018066

-0.013763428

-0.19143677

-0.047592163

0.11029053

0.11042786

-0.12908936

-0.15559387

0.17001343

0.18914795

-0.09715271

-0.22331238

-0.076431274

0.21104431

0.17100525

-0.12249756

-0.13461304

0.036224365

0.10292053

-0.00018310547

-0.13287354

-0.023773193

0.18589783

0.06677246

-0.17424011

-0.12208557

0.087875366

0.14033508

0.007171631

-0.10920715

-0.044677734

0.063568115

0.06253052

-0.07019043

-0.08888245

0.10282898

0.12260437

-0.07678223

-0.13183594

-0.013442993

0.12289429

0.08557129

-0.108062744

-0.082839966

0.097732544

1.0441132

-1.7801971

0.440979

1.2226715

-1.4851227

0.17086792

1.339508

-1.4505768

0.011184692

1.34729

-1.1232758

-0.3723755

1.3861694

-0.6590576

-0.87332153

1.132843

0.043045044

-0.99050903

0.7473755

0.46324158

-1.3912354

0.667099

0.980072

-1.2774353

-0.066467285

1.0896454

-0.6593933

-0.4201355

0.95506287

-0.5140991

-0.56240845

1.0636597

-0.09098816

-1.048233

0.6109314

0.64079285

-0.986496

0.34407043

0.42538452

-0.60246277

-0.11515808

0.93862915

-0.64338684

-0.13438416

-0.0103302

0.15971375

0.12623596

0.4177246

-0.57325745

-0.89793396

1.1321869

0.84555054

-1.185257

-0.48257446

0.8555603

-0.0443573

0.0055236816

-0.022964478

-0.59495544

-0.06474304

1.2005157

-0.3075714

-1.0000916

0.25506592

0.8755646

-0.37809753

-0.21946716

0.04046631

-0.31852722

0.42749023

0.5088959

-0.6894684

-0.4844818

0.83729553

0.18269348

-0.52923584

-0.024002075

0.029907227

0.018692017

0.43302917

-0.08540344

-0.790329

0.32354736

0.7566223

-0.40602112

-0.4784546

0.51039124

0.05319214

0.075653076

0.1255188

-0.26934814

-0.21401978

0.5967407

0.13487244

-0.6966858

-0.075302124

0.18415833

-0.14404297

-0.040740967

-0.17030334

-0.2924347

0.20706177

0.47476196

-0.21452332

-0.38955688

0.39842224

0.38163757

-0.11994934

-0.036102295

0.033599854

-0.07249451

0.2952881

0.12138367

-0.5930023

-0.1240387

0.4303894

-0.10647583

-0.3512268

-0.011154175

0.016555786

0.08760071

0.18325806

-0.18249512

-0.1489563

0.36306763

0.28948975

-0.25750732

-0.119003296

0.19462585

-0.047348022

-0.089141846

0.30368042

-0.5186157

-0.1937561

0.6746979

-0.20695496

-0.6342621

0.37127686

0.4091339

-0.3708496

-0.094955444

0.34700012

-0.12454224

-0.09585571

0.29292297

0.04310608

-0.327713

0.11906433

0.26771545

-0.12809753

-0.30612183

0.023025513

0.20596313

0.022872925

-0.28085327

-0.04335022

0.2549286

0.00022888184

-0.20202637

0.14059448

0.09390259

-0.13877869

0.06349182

0.23292542

-0.20974731

-0.17004395

0.2859192

0.10169983

-0.33268738

-0.051467896

0.23435974

-0.08369446

0.17008972

-0.02355957

0.028045654

-0.033599854

0.061141968

0.08560181

-0.060546875

-0.05445862

0.0028686523

0.008453369

-0.09185791

-0.1558075

-0.041275024

0.04888916

-0.13771057

-0.17259216

0.075653076

0.13223267

-0.031814575

0.015258789

0.21406555

-0.010925293

0.0014038086

0.17108154

0.012054443

-0.15957642

0.10694885

0.08779907

-0.10160828

-0.1670227

-0.0090789795

-0.029159546

-0.1522522

-0.0519104

0.025222778

0.01953125

0.06314087

0.04852295

0.022781372

0.08627319

0.04837036

0.04449463

0.07254028

-0.10197449

-0.4771576

0.75390625

0.27211

-0.7311554

-0.443573

0.44917297

0.5336304

-0.3557129

-0.51527405

-0.058898926

0.68977356

0.1404419

-0.442276

-0.3864746

0.4066925

0.5405884

-0.12025452

-0.4693451

-0.15158081

0.4903412

0.15377808

-0.33847046

-0.37028503

0.17668152

0.3196106

-0.055618286

-0.2598114

-0.19174194

0.32382202

0.29414368

-0.12586975

-0.4100952

-0.003189087

0.42622375

0.14872742

-0.24082947

-0.27592468

0.22467041

0.25160217

-0.12287903

-0.25637817

-0.13246155

0.9070282

-0.5734863

-0.6451874

1.0385284

-0.73579407

-0.31097412

1.3007202

-0.48620605

-1.1979675

1.1302185

0.60002136

-1.3502197

0.5471649

0.45204163

-0.74523926

0.13786316

0.84840393

-1.0233765

-0.19787598

1.1849823

-0.47346497

-0.93626404

1.0208893

0.10719299

-0.8350067

0.68289185

0.1134491

-0.873291

0.49499512

0.90927124

-1.2043457

-0.05822754

0.8610077

-0.42601013

-0.30911255

0.644516

-0.37094116

-0.4621277

0.7698364

0.02229309

-0.84365845

0.4880829

0.48635864

-0.5640106

0.28399658

-0.12527466

-0.49777222

0.48086548

0.782135

-1.0131531

-0.60491943

1.1726227

0.26313782

-0.938797

0.06060791

0.14880371

0.19949341

0.36383057

-0.42276

-0.71188354

0.45581055

1.0070343

-0.6768646

-0.6777649

0.4436798

0.35110474

0.00982666

-0.084121704

-0.3750763

-0.3015442

0.9857178

0.05052185

-0.8397064

-0.10505676

0.66352844

-0.09291077

-0.123428345

-0.04547119

-0.30010986

0.25369263

0.5915375

-0.45576477

-0.61154175

0.6574707

0.25393677

-0.36042786

0.20031738

0.12197876

-0.07539368

0.29000854

-0.037078857

-0.54789734

-0.050079346

0.43180847

-0.27468872

-0.45005798

0.011734009

0.08433533

0.006576538

0.12564087

-0.064071655

-0.18307495

0.43566895

0.37547302

-0.32888794

-0.10380554

0.3330841

0.068725586

-0.14730835

-0.0024871826

-0.21777344

-0.0057525635

0.21580505

-0.19412231

-0.4311676

0.10020447

0.32141113

-0.12915039

-0.04019165

0.11402893

-0.09172058

0.20777893

0.20684814

-0.21568298

-0.11529541

0.34176636

0.0697937

-0.274292

-0.04121399

-0.10984802

0.018295288

0.25827026

-0.4199524

-0.13685608

0.34721375

0.044540405

-0.32121277

0.16789246

0.14846802

-0.18199158

0.20414734

0.28131104

-0.28149414

-0.2686615

0.521225

0.070999146

-0.5436554

0.019744873

0.43121338

-0.2367096

-0.31495667

0.18916321

0.09980774

-0.18623352

0.079208374

0.17736816

-0.15280151

-0.06741333

0.206604

0.10343933

-0.15675354

-0.091552734

0.14089966

0.12104797

-0.15715027

-0.12818909

0.15544128

0.055847168

-0.20837402

-0.015396118

0.110702515

-0.09465027

0.10948181

0.34446716

-0.052474976

-0.20883179

0.09638977

0.1603241

-0.23027039

-0.23005676

0.09246826

-0.00022888184

-0.19515991

-0.067352295

0.017547607

-0.02897644

-0.02986145

0.067840576

0.074661255

0.07449341

0.10777283

0.1605835

0.10209656

-0.086868286

-0.0357666

0.1068573

-0.012969971

-0.18318176

-0.043548584

0.052764893

-0.11512756

-0.16088867

0.019256592

0.0028381348

-0.07196045

0.036575317

0.12220764

-0.0084991455

0.0382843

0.15541077

0.035064697

-0.031585693

0.039474487

0.02545166

-0.026535034

0.50086975

-0.6890564

-0.36691284

0.556015

0.24632263

-0.45858765

-0.47961426

0.18527222

0.64151

0.021087646

-0.53800964

-0.17092896

0.5063324

0.5093689

-0.3748474

-0.5726929

0.15916443

0.5735016

0.102264404

-0.56614685

-0.28276062

0.22415161

0.44200134

-0.016799927

-0.63197327

-0.14503479

0.44232178

0.34979248

-0.2358551

-0.44548035

0.13261414

0.47244263

0.21611023

-0.43551636

-0.2715454

0.3152771

0.32138062

-0.12640381

-0.43136597

-0.03642273

0.23171997

0.24382019

-0.21961975

0.15444946

0.2219696

-1.1555939

1.4251556

-0.32284546

-1.3348846

1.2462158

0.49064636

-1.3549042

0.5335541

0.6498413

-1.0969849

0.5692749

0.87309265

-1.6643372

0.24674988

1.3258667

-0.71302795

-0.88619995

1.1669617

-0.2542572

-0.6685791

0.9263153

-0.068344116

-1.0881042

0.8577881

0.56925964

-1.0189056

-0.03567505

1.0780334

-0.8735199

-0.11160278

0.7614136

-0.60224915

-0.24812317

0.87132263

-0.2783966

-0.9351196

0.8685913

0.30471802

-0.739563

0.1828003

0.47906494

-0.7444916

0.7309723

0.55178833

-1.5634766

-0.1063385

1.4545441

-0.016235352

-1.1279755

0.022628784

0.55171204

0.25956726

-0.08001709

-0.42326355

-0.71206665

1.1079865

0.7234802

-1.3122101

-0.5328369

1.0260162

0.29588318

-0.37179565

-0.058563232

-0.45846558

0.3218994

0.7905884

-0.38687134

-1.044342

0.34506226

0.957428

-0.22038269

-0.55999756

0.07316589

-0.06109619

0.40882874

0.33192444

-0.817276

-0.3976593

1.0094604

0.23971558

-0.79512024

-0.025238037

0.3085327

0.09629822

0.08581543

-0.018569946

-0.54460144

0.33337402

0.6903839

-0.7072449

-0.5907135

0.2562256

0.20544434

-0.02394104

-0.029678345

-0.43310547

-0.11753845

0.7586975

0.06863403

-0.48609924

0.069747925

0.6113739

0.16189575

-0.15834045

-0.06921387

-0.119628906

0.17851257

0.20144653

-0.42396545

-0.44140625

0.31526184

0.1678772

-0.30714417

-0.16687012

0.10510254

0.004135132

0.25611877

0.08807373

-0.3166809

0.121536255

0.44303894

-0.016342163

-0.2664032

0.10531616

0.07385254

0.0036773682

0.0342865

-0.24060059

-0.5389557

0.65870667

0.18817139

-0.8668823

0.29200745

0.4365387

-0.40827942

0.074783325

0.41261292

-0.43222046

-0.0388031

0.7397461

-0.30490112

-0.5830536

0.5403137

0.300766

-0.6442871

0.087631226

0.2992096

-0.37922668

-0.03945923

0.49191284

-0.44215393

-0.3021698

0.53440857

0.14360046

-0.49189758

0.17207336

0.31098938

-0.24356079

0.014602661

0.30810547

-0.2740631

-0.20965576

0.41589355

-0.009933472

-0.4423828

0.13050842

0.21261597

-0.21870422

-0.112716675

0.22590637

-0.11566162

-0.00793457

0.27531433

-0.06518555

-0.31625366

0.106903076

0.11579895

-0.23348999

-0.14279175

0.15879822

0.015625

-0.005569458

0.09188843

0.05809021

0.015075684

0.20127869

0.14387512

-0.13693237

-0.068496704

0.12609863

0.006362915

-0.18359375

-0.07167053

0.006866455

-0.08518982

-0.0809021

0.040527344

-0.03793335

-0.0047302246

0.11357117

0.033981323

-0.12281799

0.106033325

0.18663025

-0.009597778

-0.04324341

0.06858826

-0.03593445

-0.09751892

0.055160522

-0.023757935

-0.16777039

0.0058898926

0.07733154

0.3826294

-0.6643677

-0.14907837

0.42938232

0.35960388

-0.2568817

-0.4729309

0.22869873

0.68774414

0.001449585

-0.7075043

-0.1451416

0.5085907

0.24890137

-0.36172485

-0.46621704

0.06990051

0.4562378

0.14828491

-0.39622498

-0.35481262

0.33963013

0.52583313

-0.20625305

-0.52246094

0.07476807

0.42889404

0.13128662

-0.28479004

-0.2827301

0.16001892

0.42384338

-0.027542114

-0.4662323

-0.14260864

0.31744385

0.21495056

-0.19406128

-0.3145752

0.073135376

0.33570862

0.084625244

-0.20899963

0.65335083

-1.4078827

0.9768219

0.7426758

-1.5797119

0.017791748

1.4507446

-0.7671051

-0.59233093

1.0383911

-0.55718994

-0.61647034

1.1793823

-0.19552612

-1.3105469

0.90953064

0.8488617

-1.2515869

0.31266785

0.7434387

-0.9028015

0.103149414

0.9095764

-0.9649048

-0.46798706

1.3639679

-0.24287415

-0.98979187

0.7185974

0.24984741

-0.697876

0.3211975

0.2846222

-0.7981262

0.4013977

0.83569336

-0.8678436

-0.35879517

0.9148407

-0.28485107

-0.43695068

0.5782776

-0.16273499

-0.9020691

1.2621765

0.2619629

-1.3084106

0.0053863525

1.090683

-0.22441101

-0.44482422

0.037017822

-0.23181152

0.51231384

0.44981384

-0.8027344

-0.52952576

1.0055084

0.27023315

-0.6961365

-0.16589355

0.3721161

0.0463562

0.23918152

-0.20979309

-0.72595215

0.4108429

0.7787323

-0.42459106

-0.63946533

0.2893219

0.2841339

0.027435303

-0.05065918

-0.20449829

-0.2576599

0.63201904

0.21218872

-0.7618561

-0.012512207

0.5362091

-0.0034637451

-0.27172852

-0.016662598

-0.16960144

0.2268982

0.13317871

-0.24803162

-0.5078888

0.43084717

0.26133728

-0.35334778

-0.18815613

0.08680725

0.040725708

0.3310852

0.15570068

-0.49189758

0.14459229

0.6367035

0.020065308

-0.32028198

0.054641724

0.09625244

-0.058898926

0.013397217

-0.17248535

-0.3705597

0.20407104

0.19270325

-0.36117554

-0.1790924

0.25857544

0.11135864

-0.05029297

0.07847595

-0.11465454

0.118118286

0.41760254

-0.019592285

-0.35583496

0.020248413

0.29759216

-0.14099121

-0.20071411

-0.023422241

-0.14704895

0.09950256

0.15078735

-0.4140625

0.2406311

-0.2674408

0.5422363

0.027572632

-0.42791748

0.1655426

0.44070435

-0.19084167

-0.16921997

0.22392273

-0.06947327

-0.1517334

0.1280365

0.027755737

-0.40374756

0.099975586

0.3227234

-0.2564392

-0.28398132

0.36203003

0.107421875

-0.24104309

0.038604736

0.2521515

-0.19676208

0.0038452148

0.32504272

-0.19049072

-0.2285614

0.23690796

0.13121033

-0.3743286

0.035202026

0.1925354

-0.1625824

-0.08023071

0.24391174

-0.17514038

-0.12934875

0.3332367

0.021560669

-0.3383484

-0.23860168

0.44059753

-0.20306396

-0.144104

0.15274048

-0.070388794

-0.17132568

0.25450134

0.009231567

-0.20606995

0.2576599

0.33232117

-0.17506409

0.041030884

0.28778076

-0.037261963

-0.1290741

0.12336731

-0.094329834

-0.23667908

0.032196045

0.0119018555

-0.2710266

-0.026062012

0.15765381

-0.086135864

-0.06591797

0.15837097

0.021453857

-0.03514099

0.19152832

0.116485596

-0.09669495

0.09138489

0.14944458

-0.11482239

-0.13825989

0.055740356

-0.031921387

-0.14785767

-0.034591675

-0.032836914

-0.0821991

-0.24061584

0.86517334

-0.56547546

-0.5051422

0.5242462

0.60621643

-0.2155304

-0.5352936

-0.018417358

0.5899048

0.29286194

-0.4532318

-0.5138092

0.12922668

0.590683

0.094070435

-0.6746063

-0.34927368

0.50097656

0.45773315

-0.28952026

-0.43501282

0.08895874

0.46472168

0.17218018

-0.3297119

-0.34509277

0.25302124

0.50897217

-0.06112671

-0.57502747

-0.18582153

0.3824463

0.25753784

-0.2487793

-0.35108948

0.07354736

0.3619995

0.075286865

-0.29270935

-0.17326355

0.22579956

0.32681274

0.52970886

-1.05336

-0.5518036

1.6956787

-0.71287537

-0.6749878

0.9267578

-0.53689575

-0.5679474

1.4033661

-0.47166443

-1.2614288

1.3160706

0.32936096

-1.3087311

0.6087189

0.5222626

-1.1392365

0.7188263

0.84588623

-1.3557434

0.015487671

1.2152863

-0.7905884

-0.6462097

1.160141

-0.32421875

-0.81437683

1.2059326

-0.18022156

-1.0855865

0.6149597

0.7111206

-1.0679169

0.0818634

0.96865845

-0.7578583

-0.101379395

0.8421173

-0.59820557

-0.46302795

0.8529663

-0.09832764

-0.807251

0.052642822

1.2964478

-0.67774963

-0.3870697

0.013427734

0.06907654

0.40623474

0.29164124

-1.1980591

0.008346558

1.3271942

-0.070373535

-1.1651764

0.20735168

0.6394806

-0.06121826

0.052886963

-0.50224304

-0.5079956

0.79519653

0.82003784

-0.98379517

-0.6589813

0.92832947

0.17233276

-0.2904358

-0.13700867

-0.13671875

-0.02645874

0.8481598

-0.17707825

-1.1366272

0.45466614

0.77586365

-0.3658142

-0.35043335

0.016296387

0.08581543

0.18725586

0.39364624

-0.6525879

-0.37112427

0.5340729

0.14758301

-0.60479736

-0.07394409

0.2861328

0.075790405

0.2367096

-0.12385559

-0.27928162

0.34117126

0.6367035

-0.29719543

-0.45359802

0.3824463

0.2803955

-0.22589111

0.059921265

-0.23910522

-0.27871704

0.3604889

-0.0022125244

-0.52526855

-0.16293335

0.4449768

-0.031570435

-0.1988678

0.095214844

0.03929138

0.19393921

0.3466797

-0.20974731

-0.27452087

0.32537842

0.27534485

-0.29216003

-0.22114563

0.07221985

-0.064208984

0.014297485

-0.059646606

-0.28767395

-0.036376953

0.41963196

0.48602295

-1.0004425

0.30360413

0.42658997

-0.31921387

0.14292908

0.23452759

-0.31877136

-0.026870728

0.47398376

-0.2506256

-0.5166321

0.26498413

0.29307556

-0.24208069

-0.28372192

0.08860779

0.19148254

-0.033065796

-0.10725403

0.054031372

0.12075806

0.0015563965

0.06555176

0.13563538

-0.16294861

-0.20783997

0.3033905

0.16975403

-0.41999817

-0.17826843

0.39918518

0.003753662

-0.36413574

0.06990051

0.18141174

-0.1563263

0.041732788

0.16944885

-0.09753418

-0.091278076

0.24665833

0.0554657

-0.1816864

-0.3763275

0.12632751

0.082839966

-0.09686279

-0.052978516

0.19970703

0.21679688

-0.005874634

0.030441284

0.13214111

0.044570923

-0.054641724

0.04598999

-0.08566284

-0.18748474

-0.036117554

0.09474182

-0.17782593

-0.18476868

0.07220459

0.08529663

-0.12864685

0.011703491

0.16360474

0.053741455

0.035095215

0.117630005

0.03955078

-0.025909424

0.0730896

0.025802612

-0.07157898

-0.105895996

-0.07159424

0.019210815

-0.034942627

-0.1497345

-0.038375854

0.1307373

0.0042419434

-0.07928467

0.06639099

0.10429382

-0.09202576

0.5815277

-0.36940002

-0.5106201

0.24095154

0.6750488

-0.07926941

-0.67063904

-0.22135925

0.39208984

0.4319458

-0.30387878

-0.5643616

0.09353638

0.51686096

0.16215515

-0.42062378

-0.3438263

0.43295288

0.4376068

-0.16236877

-0.3876953

-0.081832886

0.3686676

0.30792236

-0.28953552

-0.4143219

0.08255005

0.3943329

0.028778076

-0.4439392

-0.22953796

0.30802917

0.32757568

-0.103149414

-0.32318115

-0.010437012

0.34284973

0.15943909

-0.2702179

-0.23538208

0.15454102

0.292099

0.585083

-1.7591095

1.1826782

0.1308136

-0.9179535

0.77349854

0.1539154

-1.1418152

0.7042999

0.99575806

-1.4390411

-0.06906128

1.2865448

-0.64878845

-0.57414246

0.93284607

-0.2351532

-0.6737976

0.96676636

-0.13552856

-1.0617828

0.8096161

0.5033264

-0.995224

0.1438446

0.7633972

-0.7483978

-0.13743591

1.0120544

-0.6725464

-0.47691345

0.9743805

-0.23500061

-0.65037537

0.5120697

0.29019165

-0.6001587

0.21728516

0.3291626

-0.6947632

0.2610016

0.66641235

-0.6501312

-0.43173218

0.3904419

0.41705322

-0.17605591

0.1570282

-0.62576294

-0.17492676

1.2028046

0.009994507

-1.2940521

0.036026

1.0087433

-0.14419556

-0.3136444

-0.022598267

-0.31954956

0.4420166

0.68769836

-0.8017273

-0.6920624

0.701828

0.609848

-0.5666809

-0.16201782

0.039367676

0.080947876

0.45606995

-0.022766113

-0.83628845

-0.0025482178

0.94055176

-0.1273346

-0.74913025

0.18650818

0.22166443

0.1773529

0.044799805

-0.36906433

-0.38890076

0.64668274

0.37986755

-0.6910248

-0.2423706

0.34901428

0.086364746

-0.12786865

0.048324585

-0.23132324

0.078704834

0.7177429

-0.1307373

-0.4804535

0.25268555

0.4416809

-0.24020386

-0.20133972

-0.08526611

-0.2280426

0.2033844

0.09701538

-0.4519348

-0.23440552

0.33166504

0.17573547

-0.22761536

0.054153442

0.13951111

0.05142212

0.28741455

-0.08029175

-0.27980042

0.18249512

0.35812378

-0.25645447

-0.28807068

0.07759094

0.04133606

-0.05908203

0.0007019043

-0.16156006

-0.13600159

0.30513

0.0287323

-0.26139832

0.108688354

0.24749756

-0.2638092

0.47583008

-0.1634674

-0.36915588

0.4119873

0.2924347

-0.5619354

-0.20097351

0.57310486

-0.18336487

-0.42712402

0.2813568

0.08828735

-0.33743286

0.22628784

0.29118347

-0.3796234

-0.17416382

0.48350525

0.16819763

-0.34909058

-0.08154297

0.30570984

-0.014846802

-0.19493103

-0.014022827

0.065963745

-0.036575317

-0.07550049

0.043945312

-0.004043579

-0.08251953

-0.052200317

0.23352051

-0.025817871

-0.25541687

0.16868591

0.2961731

-0.16236877

-0.22947693

0.22467041

0.12524414

-0.24153137

0.015975952

0.04168701

-0.09114075

-0.010879517

0.24679565

0.064208984

-0.08988953

0.13131714

0.14501953

-0.045684814

-0.09915161

0.029083252

0.020812988

-0.112091064

-0.16113281

-0.08883667

-0.032684326

-0.12763977

-0.10343933

0.0443573

0.04724121

-0.05607605

0.11450195

0.1825409

0.028274536

-0.030975342

0.1870575

0.09120178

-0.12054443

-0.015472412

0.051879883

-0.0995636

-0.12727356

0.010147095

-0.084991455

-0.12373352

0.026641846

0.026245117

-0.07771301

0.018203735

0.1290741

0.05305481

0.01335144

-0.40222168

0.39619446

0.6995239

-0.35127258

-0.71632385

0.23831177

0.58833313

-0.027862549

-0.659256

-0.23371887

0.37280273

0.41282654

-0.29278564

-0.4747162

0.029663086

0.5568085

0.24490356

-0.53518677

-0.26153564

0.4131317

0.5254669

-0.26921082

-0.4895172

-0.032669067

0.5420532

0.14399719

-0.43232727

-0.403656

0.16209412

0.50868225

-0.06991577

-0.36244202

-0.17764282

0.2926941

0.34858704

-0.19065857

-0.28834534

0.03555298

0.37121582

0.10032654

-0.34111023

-0.19741821

0.18206787

1.2379913

-1.6973267

0.2762909

0.7642517

-1.2158356

0.57803345

1.0062866

-1.5689392

-0.09963989

1.8146057

-1.1431732

-0.61946106

1.3607635

-0.77648926

-0.36428833

1.2973785

-0.671875

-0.96884155

1.1143036

0.49899292

-1.4403381

0.42190552

0.8847809

-1.010788

0.1324768

0.81803894

-0.9862213

-0.10041809

1.2761688

-0.6833191

-0.7970581

1.0230713

0.014053345

-0.7953644

0.72125244

0.08888245

-0.93577576

0.68855286

0.5174866

-1.0614319

0.06665039

0.88209534

-0.4803009

0.21903992

-0.27430725

-0.5707092

0.41993713

1.1469421

-0.5562134

-1.4692993

0.7491913

1.3015442

-0.6029968

-0.8661194

0.1579895

0.19416809

0.5148163

0.1572876

-1.2350006

-0.023040771

1.4176025

-0.024765015

-0.9051819

-0.17008972

0.40678406

0.14164734

0.18251038

-0.3643036

-0.712265

0.71333313

0.8129883

-0.7037964

-0.7123718

0.57769775

0.37501526

-0.23568726

-0.066711426

-0.31884766

-0.021743774

0.7064972

0.050369263

-0.9753876

0.17489624

0.77082825

-0.2983551

-0.19221497

0.3197174

-0.3105774

0.31298828

0.29870605

-0.40722656

-0.37779236

0.6950226

0.2956543

-0.44467163

-0.1616211

0.07783508

-0.007980347

0.033828735

-0.06742859

-0.6039276

0.053253174

0.5504303

-0.29463196

-0.432724

0.24874878

0.26530457

0.028289795

0.11630249

-0.20275879

-0.049072266

0.47590637

0.19163513

-0.41593933

-0.21539307

0.3541565

-0.045318604

-0.20516968

-0.08729553

-0.24806213

0.0546875

0.3400879

-0.20222473

-0.37005615

0.2998047

0.34280396

-0.07299805

-0.06707764

0.0056915283

0.27700806

-0.13238525

0.04522705

0.17707825

-0.5021057

0.09158325

0.48309326

-0.5213623

-0.386734

0.45986938

0.10310364

-0.3512268

0.12516785

0.10774231

-0.18058777

0.15966797

0.2947998

-0.16600037

-0.30648804

0.50276184

0.09384155

-0.39242554

-0.047180176

0.27381897

-0.18157959

-0.0627594

0.035827637

-0.020980835

-0.12487793

0.19212341

0.051742554

-0.34529114

0.0912323

0.342865

-0.034454346

-0.2653656

0.16378784

0.09484863

-0.12532043

0.106918335

0.03630066

-0.23400879

0.0692749

0.56741333

-0.3227539

-0.22920227

0.25334167

0.14353943

-0.19029236

-0.0021514893

0.11871338

-0.17037964

-0.04008484

0.06472778

-0.32077026

-0.20021057

0.26013184

0.017852783

-0.2651062

0.12083435

0.20671082

-0.06425476

0.04837036

0.24189758

-0.11332703

0.02709961

0.27111816

-0.09857178

-0.28045654

0.104522705

0.109939575

-0.2266388

-0.0864563

0.03302002

-0.14907837

-0.019210815

0.13128662

-0.07015991

-0.062698364

0.1887207

0.12147522

-0.11187744

0.025344849

0.16601562

-0.0357666

-0.036315918

0.54997253

-1.0195007

0.18305969

0.6999054

-0.21125793

-0.7235718

-0.0539093

0.6198273

0.27871704

-0.5349426

-0.40449524

0.32876587

0.60987854

-0.1714325

-0.51831055

0.027496338

0.41015625

0.35935974

-0.36265564

-0.46969604

0.111587524

0.51708984

-0.097579956

-0.43051147

-0.15646362

0.2632599

0.32847595

-0.14764404

-0.35336304

-0.036026

0.48368835

0.14463806

-0.35258484

-0.29411316

0.35624695

0.30899048

-0.09236145

-0.3361206

-0.10873413

0.24577332

0.2319336

-0.20672607

-0.36860657

1.0520935

-0.6622467

-0.46896362

1.0623169

-1.115921

-0.31674194

1.4934235

-0.39237976

-1.1282043

0.91770935

0.53726196

-1.1771393

0.51493835

0.43121338

-0.95118713

0.3674469

0.98791504

-1.1468506

-0.36024475

1.1732178

-0.36862183

-0.74606323

0.9736786

-0.21391296

-0.6760254

0.7673645

0.24143982

-1.161911

0.674057

0.6158905

-0.84158325

-0.12277222

0.7333374

-0.43141174

-0.2199707

0.7322235

-0.59742737

-0.41958618

0.87942505

0.053237915

-0.9202118

0.43019104

0.5526428

-0.7474823

0.65753174

0.0075683594

-1.1086578

0.5060425

1.0673218

-0.6959686

-0.8541107

0.597229

0.5530243

-0.36418152

-0.12080383

-0.14416504

-0.14491272

0.758728

0.05267334

-1.0848083

0.2505188

0.9144592

-0.29707336

-0.44226074

0.1151886

-0.058914185

0.22227478

0.4593048

-0.64346313

-0.5682373

0.8479767

0.42939758

-0.7298126

-0.25450134

0.40145874

0.060409546

0.01965332

0.022857666

-0.5018616

0.11343384

0.79071045

-0.29545593

-0.7199249

0.36863708

0.4046936

-0.20663452

-0.003479004

0.12043762

-0.19348145

0.51142883

0.104522705

-0.55966187

-0.098724365

0.3778839

-0.066970825

-0.3404541

-0.10244751

-0.17079163

0.004501343

0.25126648

-0.08699036

-0.41288757

0.23306274

0.5461273

-0.21231079

-0.13526917

0.2600708

0.045959473

0.19032288

0.08721924

-0.34614563

-0.15097046

0.34178162

-0.014221191

-0.49220276

-0.027282715

0.110458374

-0.011764526

0.05340576

-0.036605835

-0.20024109

0.18553162

0.35484314

-0.19059753

-0.20062256

0.29563904

0.11114502

-0.023498535

-0.043823242

-0.09118652

-0.34910583

0.7819824

-0.5466919

-0.4057312

0.581604

-0.109451294

-0.32783508

0.39431763

-0.1680603

-0.3446808

0.5395813

0.17489624

-0.5906677

0.23216248

0.4509735

-0.2896881

-0.1831665

0.31532288

-0.10343933

-0.33622742

0.3781433

-0.03215027

-0.49829102

0.2197113

0.37425232

-0.36431885

-0.15116882

0.43556213

-0.14376831

-0.15711975

0.29344177

-0.01171875

-0.33789062

0.29899597

0.27752686

-0.40704346

-0.10192871

0.33773804

-0.11166382

-0.27989197

0.24809265

-0.04248047

-0.23306274

0.52459717

0.18023682

-0.32572937

0.047332764

0.20361328

-0.16947937

-0.28224182

0.11885071

-0.09068298

-0.22399902

0.050308228

0.05154419

-0.24229431

0.07887268

0.24032593

-0.13166809

-0.013946533

0.21461487

0.13365173

0.015701294

0.08683777

0.061309814

-0.120788574

-0.030517578

0.032226562

-0.09503174

-0.08451843

0.044952393

-0.078323364

-0.18966675

-0.016784668

0.086761475

0.0015411377

0.024475098

0.07447815

0.022140503

0.04371643

0.12338257

0.062026978

-0.071136475

0.0024414062

0.06227112

-0.044189453

0.26234436

-0.8202667

0.1459961

0.6046753

-0.09437561

-0.71125793

-0.17442322

0.7295532

0.353302

-0.48265076

-0.4870758

0.27960205

0.771698

-0.10719299

-0.7203369

-0.0335083

0.5101166

0.30125427

-0.27929688

-0.51200867

0.02482605

0.5643921

0.09390259

-0.56507874

-0.3197937

0.4010315

0.41984558

-0.16752625

-0.46072388

-0.03779602

0.5033722

0.28250122

-0.31245422

-0.4211731

0.15110779

0.54600525

-0.079818726

-0.46568298

-0.10379028

0.18362427

0.30656433

-0.110672

-0.38679504

0.36825562

