0.00015258789

-0.0004272461

0.00015258789

-6.1035156e-05

0.0001373291

-3.0517578e-05

-0.0004272461

0.0

-1.5258789e-05

-0.00015258789

-6.1035156e-05

1.5258789e-05

0.00038146973

0.00012207031

0.00018310547

7.6293945e-05

0.00036621094

0.00045776367

-0.00021362305

0.00033569336

-0.00012207031

-0.00033569336

0.00012207031

-0.00024414062

0.00033569336

1.5258789e-05

-0.00018310547

-0.0004272461

-0.00033569336

-4.5776367e-05

0.00024414062

0.00032043457

-1.5258789e-05

0.00048828125

-0.00010681152

-0.00033569336

-0.00018310547

-7.6293945e-05

3.0517578e-05

1.5258789e-05

0.00035095215

0.0002746582

-0.00015258789

-0.00012207031

-0.00048828125

-0.00039672852

-9.1552734e-05

-0.0004272461

-3.0517578e-05

0.00019836426

-0.00012207031

-6.1035156e-05

0.0004272461

0.0001373291

0.00012207031

-0.00033569336

4.5776367e-05

3.0517578e-05

1.5258789e-05

0.0005950928

-0.00015258789

0.00016784668

0.0004119873

0.000579834

0.00021362305

0.0002746582

-0.0004119873

-0.00032043457

-0.0004272461

-0.0002593994

0.00010681152

0.00018310547

0.0001373291

6.1035156e-05

0.00024414062

6.1035156e-05

0.00022888184

7.6293945e-05

4.5776367e-05

-7.6293945e-05

-6.1035156e-05

-0.00010681152

-0.0004272461

-6.1035156e-05

0.00010681152

0.00039672852

4.5776367e-05

-0.000289917

-0.00018310547

0.00019836426

-6.1035156e-05

0.00015258789

-4.5776367e-05

-0.00018310547

0.00030517578

0.00024414062

0.00079345703

0.00010681152

0.0004272461

-0.00038146973

-0.0001373291

0.00038146973

0.00030517578

0.0001373291

6.1035156e-05

6.1035156e-05

-3.0517578e-05

0.00018310547

-0.00021362305

-4.5776367e-05

-0.0002593994

-0.0002746582

-0.00038146973

-0.0002593994

-0.00021362305

-0.00032043457

0.00015258789

4.5776367e-05

-0.00015258789

1.5258789e-05

0.00030517578

0.00012207031

0.00030517578

-3.0517578e-05

0.0

7.6293945e-05

-0.00015258789

-9.1552734e-05

9.1552734e-05

-4.5776367e-05

-0.00010681152

0.00050354004

0.00036621094

6.1035156e-05

-3.0517578e-05

-0.00022888184

0.00015258789

-0.0002593994

-0.00030517578

-6.1035156e-05

-0.00019836426

0.00012207031

0.00033569336

-0.00030517578

0.0002593994

-0.00019836426

-6.1035156e-05

-0.0001373291

0.00018310547

-0.0005645752

0.00032043457

-0.00010681152

-0.00024414062

-0.0002746582

4.5776367e-05

-6.1035156e-05

-0.00047302246

0.0002746582

-7.6293945e-05

-0.000289917

-0.00032043457

-0.00033569336

-1.5258789e-05

0.00030517578

0.00032043457

1.5258789e-05

0.00012207031

-0.00036621094

0.0001373291

0.00018310547

0.0004119873

0.000289917

-0.00032043457

-0.00019836426

-0.0002746582

3.0517578e-05

0.00018310547

9.1552734e-05

0.00016784668

0.0

-1.5258789e-05

-0.0001373291

-0.00038146973

-0.00036621094

0.00033569336

-0.00033569336

0.00012207031

-0.00024414062

-0.00010681152

-7.6293945e-05

0.0002593994

3.0517578e-05

-0.0002746582

-7.6293945e-05

6.1035156e-05

0.00010681152

-0.0001373291

0.0001373291

6.1035156e-05

-4.5776367e-05

0.00012207031

0.00024414062

0.00016784668

0.000289917

-0.00019836426

6.1035156e-05

7.6293945e-05

0.00010681152

-0.00018310547

7.6293945e-05

0.00047302246

0.00022888184

0.00022888184

-0.00018310547

3.0517578e-05

-0.00030517578

0.0002593994

0.00012207031

-0.00038146973

-0.00030517578

3.0517578e-05

0.00016784668

-0.00018310547

0.00015258789

-0.00024414062

0.0005493164

0.00015258789

0.00030517578

-1.5258789e-05

-0.00010681152

0.00021362305

-0.00039672852

-3.0517578e-05

0.00048828125

-0.00044250488

-0.00019836426

0.00030517578

0.00010681152

0.0004119873

-0.00035095215

7.6293945e-05

-0.00039672852

-4.5776367e-05

0.00039672852

0.00012207031

1.5258789e-05

-0.00016784668

-0.00010681152

7.6293945e-05

4.5776367e-05

6.1035156e-05

-0.000289917

-0.0001373291

0.00018310547

-0.00016784668

-7.6293945e-05

-0.00012207031

0.00010681152

0.00045776367

-6.1035156e-05

-0.00012207031

6.1035156e-05

0.00030517578

0.0

-0.00039672852

-4.5776367e-05

0.00016784668

9.1552734e-05

0.0005493164

0.00015258789

-0.00021362305

-0.00016784668

-0.00012207031

0.00038146973

0.00010681152

-0.00035095215

9.1552734e-05

0.00010681152

-0.00019836426

0.00019836426

-0.00021362305

0.00061035156

0.0002746582

-4.5776367e-05

1.5258789e-05

-0.00036621094

3.0517578e-05

-0.00015258789

-9.1552734e-05

-0.000579834

0.00018310547

1.5258789e-05

-0.00024414062

-9.1552734e-05

0.00021362305

3.0517578e-05

-1.5258789e-05

-0.0002593994

9.1552734e-05

0.00048828125

0.00012207031

-9.1552734e-05

-0.00018310547

-0.00019836426

-3.0517578e-05

-7.6293945e-05

0.00018310547

0.00015258789

0.00019836426

0.0001373291

0.0002746582

4.5776367e-05

0.0005493164

0.00021362305

-6.1035156e-05

0.0001373291

0.0005187988

7.6293945e-05

-9.1552734e-05

0.0

-0.0002593994

0.0002593994

0.00022888184

0.00022888184

0.0009918213

-0.00010681152

4.5776367e-05

-0.0005950928

0.00035095215

-0.00018310547

-7.6293945e-05

0.0001373291

0.00022888184

7.6293945e-05

-0.00030517578

-0.00030517578

0.0

0.00010681152

9.1552734e-05

0.000289917

-0.00021362305

7.6293945e-05

-0.00045776367

-3.0517578e-05

4.5776367e-05

-0.00018310547

3.0517578e-05

0.00022888184

-0.00035095215

-1.5258789e-05

1.5258789e-05

4.5776367e-05

-0.00024414062

-0.00012207031

0.00032043457

0.0

0.00045776367

0.00021362305

-0.0001373291

-0.0002746582

0.00015258789

0.00024414062

-0.0004119873

0.00018310547

0.00035095215

-0.00012207031

7.6293945e-05

0.00038146973

-1.5258789e-05

-6.1035156e-05

-0.0002593994

0.00021362305

-0.00022888184

-0.000289917

0.00047302246

-1.5258789e-05

-9.1552734e-05

-3.0517578e-05

0.00012207031

-0.00019836426

-0.00010681152

9.1552734e-05

-6.1035156e-05

-0.00024414062

-0.00010681152

0.00019836426

-0.00021362305

-7.6293945e-05

0.0

-1.5258789e-05

-0.00024414062

6.1035156e-05

0.0005187988

0.00018310547

0.00021362305

-0.00016784668

-0.00015258789

0.000289917

0.00012207031

0.0

0.0

0.00045776367

-0.00035095215

0.00062561035

-0.0002746582

-6.1035156e-05

0.00012207031

-0.00016784668

0.0

0.00012207031

-0.00018310547

4.5776367e-05

0.00015258789

6.1035156e-05

-0.00012207031

9.1552734e-05

0.00022888184

0.00036621094

0.0001373291

0.00018310547

0.0

-0.00021362305

-7.6293945e-05

-9.1552734e-05

-0.00010681152

0.0002746582

0.00019836426

0.0001373291

0.00012207031

-1.5258789e-05

0.00016784668

0.0001373291

-1.5258789e-05

-0.00019836426

-0.00021362305

3.0517578e-05

0.00024414062

-0.00015258789

0.000289917

-6.1035156e-05

7.6293945e-05

-0.00024414062

0.00012207031

0.0002746582

-1.5258789e-05

-9.1552734e-05

0.00022888184

-0.0002746582

-0.0002593994

3.0517578e-05

-4.5776367e-05

-0.00019836426

-0.00010681152

0.00022888184

-0.00035095215

-0.0002746582

-0.0001373291

-1.5258789e-05

0.00024414062

-0.00019836426

-0.00016784668

-0.00018310547

-0.00024414062

1.5258789e-05

-0.00038146973

-1.5258789e-05

-4.5776367e-05

-0.00032043457

1.5258789e-05

-1.5258789e-05

0.00010681152

6.1035156e-05

-0.00036621094

0.00010681152

0.00021362305

9.1552734e-05

0.00012207031

-0.00033569336

-0.00019836426

0.00019836426

0.00047302246

-3.0517578e-05

6.1035156e-05

-0.00010681152

0.00015258789

-0.00019836426

4.5776367e-05

0.00018310547

-4.5776367e-05

-0.00010681152

0.00010681152

-0.0002746582

3.0517578e-05

0.0

7.6293945e-05

-0.00015258789

-1.5258789e-05

-0.0001373291

-0.00033569336

-0.00050354004

4.5776367e-05

0.00022888184

-0.00012207031

0.00018310547

0.00030517578

-0.00015258789

-7.6293945e-05

-0.0002746582

0.00010681152

0.0002593994

0.00024414062

0.00038146973

-1.5258789e-05

0.0001373291

0.0001373291

4.5776367e-05

0.0004119873

0.00021362305

-0.00019836426

-0.00012207031

7.6293945e-05

-3.0517578e-05

-0.00047302246

0.0004272461

-0.0002593994

0.00012207031

0.00019836426

0.0

-3.0517578e-05

-3.0517578e-05

0.00021362305

-0.00012207031

-0.00012207031

0.00024414062

4.5776367e-05

9.1552734e-05

-0.00016784668

-6.1035156e-05

-7.6293945e-05

-0.00015258789

-6.1035156e-05

-3.0517578e-05

-0.0001373291

0.00015258789

-0.00047302246

-0.000289917

0.00021362305

0.0

-3.0517578e-05

4.5776367e-05

0.0004119873

-0.0002746582

-0.00030517578

-0.00021362305

0.0002593994

-0.00032043457

1.5258789e-05

-3.0517578e-05

4.5776367e-05

-0.0001373291

0.00021362305

-0.00016784668

0.00024414062

0.00019836426

-7.6293945e-05

-0.00021362305

-0.00012207031

-0.00035095215

-0.00016784668

0.00010681152

9.1552734e-05

-0.00050354004

4.5776367e-05

6.1035156e-05

-0.00016784668

-0.0005493164

6.1035156e-05

0.0002746582

0.0

3.0517578e-05

0.00010681152

-4.5776367e-05

0.00016784668

0.00024414062

-0.00032043457

9.1552734e-05

-0.00030517578

-9.1552734e-05

1.5258789e-05

3.0517578e-05

-0.00012207031

-0.0001373291

-0.00019836426

-3.0517578e-05

0.00036621094

0.00030517578

-0.00019836426

0.00038146973

0.00033569336

0.00012207031

0.00035095215

0.00032043457

-4.5776367e-05

-0.00032043457

0.00015258789

0.0

-0.0005950928

0.0001373291

-6.1035156e-05

0.00030517578

-0.00039672852

7.6293945e-05

-0.00010681152

-1.5258789e-05

-0.00015258789

-0.00035095215

7.6293945e-05

-0.00033569336

-0.000289917

0.00010681152

0.00019836426

0.00019836426

0.0

-0.0005645752

0.00047302246

-0.00038146973

9.1552734e-05

0.000289917

-0.00015258789

-0.0002746582

-0.0001373291

0.00021362305

-0.00045776367

1.5258789e-05

0.0001373291

0.00039672852

-0.0005187988

-0.00033569336

0.00032043457

-6.1035156e-05

-0.00024414062

-7.6293945e-05

0.00018310547

0.0004119873

-0.00018310547

-3.0517578e-05

-0.00010681152

3.0517578e-05

4.5776367e-05

3.0517578e-05

0.0004119873

-1.5258789e-05

0.00024414062

0.00022888184

0.0002746582

0.00035095215

0.00012207031

0.00010681152

0.0005950928

-1.5258789e-05

-0.00015258789

0.0001373291

-0.00022888184

-0.00010681152

-0.00022888184

-9.1552734e-05

0.00010681152

-0.00021362305

1.5258789e-05

0.0002593994

0.0004119873

0.00016784668

0.00019836426

-0.00033569336

-4.5776367e-05

-0.00022888184

0.00019836426

0.00016784668

0.0005187988

0.00048828125

-0.00024414062

-9.1552734e-05

-0.00030517578

7.6293945e-05

-0.00010681152

-0.00012207031

-0.00038146973

0.00018310547

0.00012207031

0.00015258789

0.00024414062

-0.00030517578

-0.00047302246

0.00038146973

0.00030517578

0.0

-0.00015258789

3.0517578e-05

0.00015258789

0.000289917

0.00015258789

-0.00018310547

-0.00038146973

3.0517578e-05

0.00039672852

9.1552734e-05

-0.00036621094

-0.00010681152

0.00033569336

-0.00022888184

0.00022888184

6.1035156e-05

0.000579834

-0.0001373291

-4.5776367e-05

0.00030517578

9.1552734e-05

-0.00010681152

-0.00015258789

0.00010681152

-3.0517578e-05

0.0001373291

-0.00047302246

6.1035156e-05

4.5776367e-05

0.00022888184

0.000289917

0.0004119873

-0.00015258789

-0.00030517578

-0.00035095215

-7.6293945e-05

-4.5776367e-05

0.00010681152

0.00064086914

0.00018310547

0.00024414062

0.00016784668

0.00030517578

0.0001373291

-0.00032043457

3.0517578e-05

7.6293945e-05

-6.1035156e-05

9.1552734e-05

0.0004272461

0.00044250488

-1.5258789e-05

9.1552734e-05

4.5776367e-05

-0.00032043457

0.00044250488

-0.00018310547

0.00032043457

4.5776367e-05

-0.00045776367

0.0002593994

-0.00018310547

-0.00019836426

-0.00019836426

-0.000289917

0.0002746582

0.00015258789

0.00012207031

9.1552734e-05

-3.0517578e-05

0.00019836426

-0.00022888184

-1.5258789e-05

-3.0517578e-05

-0.00016784668

-0.00022888184

-9.1552734e-05

0.00019836426

-0.0004272461

0.00016784668

0.00012207031

-0.00015258789

-4.5776367e-05

-1.5258789e-05

-0.0001373291

0.00015258789

0.00030517578

-0.0001373291

-7.6293945e-05

0.00032043457

7.6293945e-05

0.00033569336

-0.0007171631

0.00036621094

0.00036621094

-0.00018310547

-1.5258789e-05

0.00018310547

-0.00030517578

0.00012207031

0.0

-0.0002593994

-0.00012207031

4.5776367e-05

-0.00010681152

6.1035156e-05

-0.0005493164

-0.00016784668

0.00022888184

-0.00036621094

-0.00039672852

0.00018310547

0.00033569336

6.1035156e-05

9.1552734e-05

0.00024414062

-0.00010681152

4.5776367e-05

4.5776367e-05

0.00018310547

0.00019836426

0.00021362305

0.00010681152

-1.5258789e-05

0.00032043457

1.5258789e-05

-0.00064086914

1.5258789e-05

-0.00039672852

-0.00038146973

0.00015258789

-0.0001373291

-0.00035095215

-0.00016784668

0.00016784668

-7.6293945e-05

-0.0001373291

0.0001373291

4.5776367e-05

0.00036621094

-0.00021362305

0.00010681152

0.0

0.0004272461

-0.00010681152

-0.00021362305

1.5258789e-05

0.00012207031

-0.0004119873

3.0517578e-05

-7.6293945e-05

0.00010681152

0.00038146973

-0.00010681152

-0.0001373291

-0.00012207031

7.6293945e-05

-0.00012207031

0.00019836426

-0.00015258789

0.00012207031

-0.00010681152

-7.6293945e-05

-7.6293945e-05

0.00019836426

-0.00022888184

4.5776367e-05

-0.00024414062

0.00010681152

0.00032043457

0.00038146973

0.0002746582

0.00021362305

-0.0002593994

0.00019836426

4.5776367e-05

-0.00022888184

-0.0002746582

-4.5776367e-05

-7.6293945e-05

0.00016784668

-0.00036621094

0.00021362305

0.00010681152

-0.000289917

9.1552734e-05

3.0517578e-05

0.0001373291

0.0004119873

-9.1552734e-05

-7.6293945e-05

0.00019836426

-0.00010681152

-9.1552734e-05

-3.0517578e-05

-0.00018310547

-0.00018310547

-6.1035156e-05

6.1035156e-05

-0.00024414062

-0.00016784668

0.00044250488

0.00015258789

0.00022888184

0.00022888184

-0.000289917

-6.1035156e-05

0.0002746582

1.5258789e-05

-0.00024414062

-0.00018310547

0.0002746582

-0.00022888184

-0.00038146973

-9.1552734e-05

0.0005493164

0.0

4.5776367e-05

0.00032043457

0.00019836426

0.00021362305

-0.00019836426

-0.00016784668

4.5776367e-05

-9.1552734e-05

-0.00010681152

-0.00033569336

9.1552734e-05

-4.5776367e-05

-0.0004272461

6.1035156e-05

1.5258789e-05

0.00030517578

-0.00045776367

-4.5776367e-05

0.0

0.00019836426

-0.00016784668

0.00047302246

-0.00024414062

-0.00022888184

-0.00018310547

0.00036621094

7.6293945e-05

-0.00018310547

0.00016784668

-0.0001373291

0.00012207031

0.00016784668

6.1035156e-05

6.1035156e-05

-0.00015258789

0.00015258789

0.00036621094

-0.0001373291

-0.000289917

-7.6293945e-05

0.0005493164

-0.00036621094

0.00024414062

0.00015258789

-0.0004272461

-0.00019836426

-0.00038146973

-0.00019836426

0.00018310547

-0.00024414062

1.5258789e-05

3.0517578e-05

-0.00016784668

0.0002593994

0.00047302246

-0.0002593994

0.00024414062

0.00032043457

-0.0007019043

-1.5258789e-05

3.0517578e-05

-0.00044250488

-0.00019836426

0.00015258789

0.00032043457

-0.00015258789

0.000289917

-9.1552734e-05

4.5776367e-05

0.00021362305

0.00021362305

0.00022888184

0.0

0.00032043457

-0.00036621094

0.00033569336

-0.00015258789

-0.00021362305

-0.00030517578

0.00024414062

-3.0517578e-05

0.00018310547

0.0002593994

-0.00018310547

6.1035156e-05

0.00015258789

0.0002746582

-9.1552734e-05

0.00021362305

3.0517578e-05

-3.0517578e-05

3.0517578e-05

0.0001373291

-7.6293945e-05

3.0517578e-05

-1.5258789e-05

-0.00038146973

0.0

-0.00018310547

-0.00044250488

-0.00045776367

0.00032043457

-0.00024414062

-1.5258789e-05

3.0517578e-05

0.0001373291

0.00036621094

-0.00016784668

-0.00012207031

-9.1552734e-05

0.0

3.0517578e-05

-0.0005187988

-0.0002746582

-1.5258789e-05

-9.1552734e-05

-3.0517578e-05

-7.6293945e-05

-7.6293945e-05

0.00015258789

-5.2669983

63.476974

-13.16098

-100.04253

42.157608

74.99344

-127.68111

104.42793

-36.45549

-12.212936

38.37181

-30.862228

19.31984

-8.83313

-3.4152832

1.5006256

-8.024277

8.9769745

-0.4686737

-3.3414612

5.5274506

-7.2437286

-1.5689697

4.876938

1.4958344

-7.0578003

7.9536285

-3.5338593

-2.1612854

3.3899841

-4.011902

-0.40083313

5.5290985

-2.6584473

-1.7772827

0.77090454

1.0350494

0.70158386

0.0949707

-0.25923157

0.17999268

-0.69711304

2.4125824

-3.778366

0.8597412

0.9621277

-0.3520813

0.55415344

-1.9547577

2.1172028

0.35217285

-1.5773163

1.081192

-0.87298584

0.44281006

0.47636414

-0.48025513

0.048171997

-0.063797

-0.19200134

0.2503357

0.5579529

-0.61950684

0.28430176

0.1920929

-0.6294708

0.41246033

-0.008468628

-0.06947327

0.046875

-0.0036773682

-0.13668823

0.021697998

-0.01727295

0.23635864

-0.20681763

-0.018753052

0.10385132

-0.14355469

0.205719

-0.04574585

-0.14486694

0.14459229

-0.07426453

0.036026

0.05419922

3.5067291

1.8815613

-14.999802

-53.399918

80.85295

3.8470001

-67.73035

83.22708

-55.551727

10.178818

30.47818

-28.271103

5.345627

0.8093872

8.981842

-9.859543

-3.936264

9.235596

-7.5426483

5.453018

-0.22262573

-4.6351166

0.22454834

1.7824097

-1.9701996

2.1376495

1.2615662

-4.117386

6.813568

-5.607361

-1.6901703

5.8269806

-3.5885468

0.6598053

0.20683289

0.98039246

-0.78437805

-0.43496704

0.5825958

0.25302124

-0.0748291

-0.7771301

0.67832947

21.546982

-19.287613

-25.557938

-62.162598

155.15062

-39.80072

-92.10216

154.4905

-125.79384

48.892166

32.527786

-49.135468

22.747818

-18.541855

13.72934

-3.0405426

-5.895218

18.935028

-10.314789

-4.8103485

6.249878

-4.678955

-6.3934326

12.091812

-10.887512

4.475952

4.5671997

-10.351685

9.188934

-1.3206787

-4.8142853

5.4005737

1.1903687

-4.083023

-1.2999115

2.3736115

-0.93751526

-1.4303436

3.7506409

-1.619812

-0.22718811

1.6647797

-2.516159

-0.035369873

1.4616547

-1.3376923

1.2128448

-0.7484894

-0.8578491

1.766159

-1.1642761

-0.9618683

1.3365936

-0.09034729

-0.64045715

1.079422

-0.9530182

0.1277008

0.3715515

-0.7330017

0.849823

-0.069229126

-0.33898926

0.48339844

-0.23968506

-0.3264923

0.34251404

-0.10562134

-0.0907135

0.23146057

-0.06251526

-0.1689148

0.1662445

-0.06448364

-0.2202301

0.21722412

-0.002166748

-0.073028564

0.12571716

-0.054489136

-0.09059143

0.039398193

0.09552002

-0.14497375

0.14337158

-0.04510498

4.197769

-51.39157

-19.34993

11.318344

108.63414

-78.28749

9.22934

54.760376

-74.070526

46.94751

-1.6133423

-27.91626

27.21286

-10.735428

-1.6489868

-0.20239258

6.295807

3.0127258

-8.590698

1.7008514

0.5295868

-7.1383667

8.20665

-0.749588

-1.6363068

1.743988

-2.2184753

-1.0513916

5.7981873

-4.154999

1.4346466

-1.649765

0.99612427

0.02078247

0.5970154

0.8243103

-2.7832336

1.0074921

1.1320038

-0.9686737

0.67015076

-0.67533875

0.70588684

-1.2054291

-49.90837

-29.183975

30.3835

166.50546

-166.88934

48.99669

77.02554

-127.10469

96.51822

-43.441437

-7.5902557

27.095917

-21.891861

11.229034

-6.6028595

12.066589

-4.6846313

-1.8726654

3.015335

-3.04216

-1.0547485

8.524277

-1.1997223

-3.1761322

1.6509552

2.042862

-5.463089

5.168106

-1.6864624

-2.6446686

0.34884644

4.859955

-7.0448914

1.6823273

4.1666107

-4.1002655

0.2578125

0.20159912

-0.31671143

1.4809723

-0.63731384

-1.550415

0.08518982

1.8767548

-1.1928864

1.3460693

-1.2807007

0.19345093

1.5218048

-2.1237183

1.316391

-0.19078064

-0.68499756

0.94036865

-0.7681427

-0.22879028

0.35740662

-0.22479248

0.051742554

0.7566681

-0.76612854

-0.21008301

0.534256

-0.49325562

0.29577637

0.15992737

-0.14982605

-0.01576233

0.025177002

0.090652466

-0.29257202

0.23892212

0.012069702

0.010147095

-0.15255737

0.14527893

-0.033584595

-0.030639648

0.13243103

-0.2326355

0.08602905

0.07168579

-0.07385254

0.0647583

-0.0796051

0.004470825

-22.44043

-33.023834

42.38237

68.38458

-112.88391

79.59923

-12.497803

-37.082367

60.467514

-47.380585

9.997787

10.759537

-15.693741

10.208893

-10.792282

12.053574

-5.3563232

-3.751892

8.842285

-8.042145

3.241516

4.793396

-1.8053894

-0.28907776

3.360489

-4.151291

2.9610596

-1.0649414

-5.450302

6.563843

-2.8681183

-0.8930969

2.3944702

-2.2858582

-0.53681946

1.0757599

1.5397491

-0.67155457

-0.98228455

-0.7258148

1.2409973

-0.13954163

-1.2944183

19.863525

-48.82132

59.620728

66.573364

-182.93521

162.10515

-58.675903

-53.961456

109.02478

-88.49231

20.21347

19.768875

-13.247391

3.833252

-12.58847

18.269318

-5.5329895

-11.826614

12.307571

-5.9039917

0.49934387

7.707199

-0.29190063

-5.0367737

8.662064

-14.014938

9.313965

2.8240204

-11.058456

13.351929

-7.4908752

-2.8613586

4.11145

0.20613098

-2.106964

-1.4896698

3.7123413

-1.9417572

-0.9972992

-0.5363159

1.5038757

-0.10533142

0.17869568

0.1871643

-0.33221436

1.8752899

-2.1536255

1.6135254

-0.20141602

-1.6707916

1.7721252

0.16342163

-1.2239075

1.3296051

-0.7164459

0.07992554

0.3866272

-0.88604736

0.58010864

0.63679504

-1.1306915

0.49009705

0.0013122559

-0.577652

0.60913086

-0.13212585

-0.119018555

0.2321167

-0.12265015

-0.12638855

0.51768494

-0.39157104

-0.09751892

0.35447693

-0.1823883

-0.124557495

0.27549744

-0.13824463

-0.14837646

0.14671326

-0.034683228

-0.021697998

0.03390503

0.07733154

-0.18457031

0.15594482

27.441223

-27.225388

42.56978

-13.490173

-82.8044

102.97516

-72.93529

8.461853

39.262833

-48.264755

22.797943

3.8781433

-5.7905273

2.4401398

-2.6029663

1.4582825

-5.616577

3.9862518

2.4131317

-3.3810577

4.5173645

4.816681

-12.034088

6.071167

1.2702332

-3.8556213

6.7235565

-5.8529816

-2.999817

6.835312

-1.7548981

-2.4612885

3.8972626

-0.7711792

-2.2897797

1.7512207

0.3191681

-1.7370911

1.1655121

-1.2494965

0.17689514

1.5118713

-0.5428772

59.527817

-10.594711

42.664703

-59.260162

-96.78726

170.08043

-158.1421

61.87744

49.775482

-98.544754

92.21709

-39.737625

-19.40747

31.157562

-5.599701

0.0947876

-15.708466

2.9256897

5.278839

-0.7937622

4.7048492

3.3204803

-13.020386

7.5824585

-1.5483093

-0.3537445

3.7466278

-5.2049255

2.742859

-2.1014862

1.2412109

5.4726105

-8.654053

5.6671143

-3.0108032

-1.2391052

5.9907227

-5.28302

1.9419098

-0.91574097

0.16348267

-1.1491547

1.6408691

2.5964813

-3.521164

1.5406799

-1.986206

0.99024963

1.7251129

-2.1162567

1.7346344

-0.24534607

-1.2606659

1.0319366

0.22361755

-0.524353

0.4948883

-0.14169312

-0.06062317

-0.18711853

-0.052871704

0.1736908

0.041641235

-0.15052795

0.15219116

0.0008087158

-0.16860962

-0.19285583

0.5353546

-0.43136597

-0.09376526

0.4707489

-0.121795654

-0.19515991

-0.009460449

0.19795227

-0.18121338

0.047592163

0.19024658

-0.24234009

0.20523071

-0.10446167

-0.032699585

0.04496765

-0.04408264

0.06427002

3.9928284

36.921265

7.186157

-71.627716

-2.877182

73.539536

-92.05618

59.677948

-16.712448

-17.215805

37.081787

-25.014618

10.624634

-3.657608

0.8683014

6.726166

-10.910645

9.667282

-3.3778076

-3.9594727

5.846466

-4.8200684

-3.7355804

2.4833221

2.5289307

-5.691635

5.132187

-4.36055

-0.18257141

5.184265

-3.3618164

-0.22846985

3.1127167

-1.2776031

-1.8483276

2.233261

-1.2646179

-0.515152

1.5052185

0.3468933

0.2629242

-1.5406647

1.6442719

-4.1522675

77.83211

-16.378464

-100.57016

40.548798

90.703766

-167.99112

148.72838

-60.13423

-45.11081

95.02269

-61.146957

14.88118

7.4712677

1.7640381

-1.8087616

-21.802109

22.097076

-9.704254

2.7210693

9.740768

-11.061356

-2.6921692

3.770218

-4.468521

4.2749023

5.8814545

-11.737961

7.6015778

-0.81903076

-6.5436554

9.081757

-4.0429688

-1.1620636

4.907852

-1.9794617

-0.1287384

-1.447815

1.1523743

1.1382446

-0.17399597

-1.9905701

2.7086487

-1.0309906

-0.3347931

-0.12835693

-2.9279633

3.9111328

-2.5113678

0.013076782

2.2805786

-2.3747406

0.14701843

1.1962585

-1.4458618

0.7084503

0.15693665

-0.37823486

0.60131836

-0.71183777

0.033828735

0.5202637

-0.52809143

0.40655518

0.1545105

-0.3209839

-0.009048462

0.013519287

0.069992065

0.04260254

-0.29745483

0.030151367

0.44535828

-0.40963745

-0.03201294

0.3524475

-0.23976135

-0.1224823

0.21313477

-0.062347412

0.0002746582

-0.04043579

0.096588135

-0.15524292

0.06440735

0.0907135

3.4833527

3.7844086

-15.971405

-53.728012

81.07478

3.7476807

-68.203

80.86659

-48.49936

5.8585052

26.459122

-16.577057

4.3425903

-9.826874

4.11322

0.3330536

-0.8208008

6.607086

-6.3859863

2.1358337

4.7196198

-10.113113

1.2910919

5.5037994

-5.5479736

0.76620483

2.945755

-5.4248505

4.3997345

1.1408539

-4.555359

1.7412109

4.087326

-3.1264496

-1.4371948

0.49664307

-0.3302002

-0.10568237

1.171051

0.009811401

0.20422363

0.40725708

-1.7485046

21.554367

-15.751602

-26.475967

-62.445694

152.57465

-41.700333

-88.70421

156.92102

-126.64067

30.242523

52.93837

-70.952866

32.00876

5.0615234

-1.2080994

-5.323166

10.77449

-0.060028076

-9.635147

-0.9576721

5.049881

-12.5385895

7.638809

5.0915833

-10.189819

9.284073

-4.571289

-3.5463562

13.193878

-9.397644

-2.3352966

6.189743

-6.7966766

0.73410034

4.730179

-1.2536316

-1.2292328

0.46354675

1.3060608

-0.77690125

1.8149872

-2.656372

1.0993958

-0.30194092

-1.1483154

2.0481567

-1.4019165

0.49295044

0.008575439

-0.7008667

0.16244507

0.6515045

-0.1723938

-0.09416199

0.050827026

-1.0529327

0.65449524

0.1693573

-0.5624695

-0.0368042

0.85380554

-0.6399689

-0.027526855

0.6893463

-0.6139221

0.1811676

0.23484802

-0.3958435

0.40402222

-0.19342041

-0.13267517

0.06324768

0.25453186

-0.4397583

0.2589569

0.21858215

-0.3513794

0.25042725

-0.11517334

-0.11897278

0.12623596

-0.090408325

0.07481384

-0.016952515

0.004989624

-0.010192871

4.433609

-51.090424

-20.558609

14.075348

111.66885

-79.06297

6.879364

51.485596

-64.18817

37.30052

-9.210403

-15.006302

15.003784

-12.888123

12.814346

-4.907486

-1.624588

5.0644226

-5.9269867

4.3088074

-0.7814789

-2.3083038

1.5834656

6.747238

-6.9563904

1.4528809

4.452957

-3.8256226

3.5368195

-2.2635193

-2.7967377

4.5334015

-0.72265625

-3.0567627

1.5264587

0.53430176

-0.28315735

-0.18513489

0.041275024

-0.12069702

-0.81581116

1.1060486

-0.6650238

0.10372925

-49.27481

-32.622955

27.43332

165.99463

-150.99767

45.58577

65.86862

-117.8551

107.41197

-50.240402

-17.862854

34.100204

-29.417542

21.609085

-20.352081

10.886963

10.002502

-20.101837

13.215637

-3.6631012

-4.3766174

9.443512

-0.72068787

-3.1368103

4.566925

-1.3708344

1.5220184

6.618759

-11.60585

1.109787

1.1190948

-0.9974823

0.34577942

0.9206543

-0.10874939

-1.8623657

3.4300232

-0.45207214

-1.777771

-0.62524414

1.3816833

-0.026351929

-2.7516327

3.6918335

-2.3901367

1.73172

-0.688797

-2.5418243

5.639786

-4.2318726

0.20996094

3.524826

-3.8794708

1.107193

1.1709747

-1.4474182

0.45135498

0.26391602

-0.52168274

0.79867554

-0.11949158

-0.5550537

0.5474243

-0.4749298

-0.21240234

0.9604187

-0.4373169

-0.38900757

0.56921387

-0.2871399

-0.10961914

0.23547363

-0.1385498

0.14605713

-0.10044861

-0.00843811

0.08428955

-0.06565857

-0.023757935

-0.052124023

0.108688354

-0.0023651123

-0.13504028

0.2632599

-0.25846863

0.08529663

-23.89682

-34.235336

45.338364

70.83632

-117.275085

77.709076

-6.9363403

-37.499146

50.21376

-31.39215

2.4705658

-2.2578888

0.37298584

12.128983

-12.61441

4.943573

-1.0459137

-3.416397

5.382492

-1.8969574

-5.86467

11.328354

-1.3780975

-3.0757294

6.2878723

-5.8112335

-0.943985

3.3332214

-2.9999847

1.6405334

3.6398315

-4.814041

-2.0087585

2.9780273

1.1626129

-1.7874298

2.3328857

-1.3550568

-0.59806824

-0.8179321

0.5230255

-0.057174683

0.9697571

-0.41677856

-0.31678772

0.8627167

-0.91781616

0.81510925

0.25498962

-0.96235657

0.3809204

0.59854126

-0.79473877

0.5567169

-0.56225586

-0.05015564

0.5537567

-0.30545044

0.11160278

0.14653015

-0.34822083

0.052246094

0.20115662

-0.32141113

0.17001343

0.23602295

-0.2362976

0.11604309

0.02519226

-0.15098572

0.15385437

0.011047363

-0.0256958

-0.006088257

0.07229614

-0.057235718

-0.058761597

0.043395996

-0.034957886

0.006942749

0.08760071

-0.081588745

-0.009963989

0.038650513

-0.033813477

0.039916992

-0.011489868

-0.051605225

0.07545471

-0.016647339

-0.029022217

0.02859497

-0.013977051

-0.028244019

0.03765869

-0.0001373291

-0.0113220215

0.026031494

-0.024490356

0.0015869141

-0.014099121

0.0103302

0.009094238

0.0038452148

-0.016433716

0.0022888184

0.011459351

-0.009155273

-0.0009918213

0.008377075

-0.00050354004

-0.008544922

0.009017944

-0.0026550293

-0.0034637451

0.005630493

-0.002090454

-0.002746582

0.0074768066

-0.0035858154

-7.6293945e-05

0.00032043457

-0.0062408447

0.0030975342

0.0011901855

-0.0023040771

0.0032958984

-0.002380371

-0.0009613037

0.0018005371

-0.0012817383

0.0011749268

0.0009918213

-0.0013580322

-0.00019836426

0.0004272461

-0.0006713867

0.0008392334

0.00050354004

-0.00039672852

0.0006713867

0.00030517578

9.1552734e-05

-3.0517578e-05

-6.1035156e-05

-0.0006713867

0.0004119873

0.00032043457

-0.0008239746

0.00048828125

0.0008544922

-0.0002593994

0.00032043457

-0.00010681152

-0.00015258789

0.0004119873

-3.0517578e-05

-0.0001373291

0.00038146973

0.00021362305

-7.6293945e-05

0.00032043457

-0.0004272461

-0.00016784668

0.00036621094

-0.00018310547

0.00012207031

-9.1552734e-05

-0.000289917

0.0

-0.0001373291

0.0002593994

-1.5258789e-05

-3.0517578e-05

0.0004119873

-0.00016784668

0.00022888184

-0.0002593994

0.00016784668

0.00022888184

0.00044250488

0.00044250488

-0.00022888184

-0.00064086914

-0.00035095215

-0.0001373291

-9.1552734e-05

-0.00045776367

0.00016784668

0.0002746582

-0.00030517578

0.0001373291

0.00035095215

0.0002746582

-0.00016784668

-0.00019836426

0.00012207031

-1.5258789e-05

0.00012207031

-0.00016784668

0.00012207031

0.00044250488

-0.00018310547

0.00010681152

0.00044250488

3.0517578e-05

4.5776367e-05

-0.00030517578

-0.00030517578

6.1035156e-05

0.0

-0.00032043457

9.1552734e-05

0.0001373291

-0.00024414062

0.00047302246

0.00012207031

-1.5258789e-05

0.00010681152

4.5776367e-05

-0.00010681152

0.00033569336

7.6293945e-05

6.1035156e-05

-0.00016784668

0.00018310547

-0.00030517578

-1.5258789e-05

0.00038146973

-0.00016784668

0.00047302246

0.00024414062

-4.5776367e-05

-0.00015258789

1.5258789e-05

-3.0517578e-05

0.00010681152

-0.00016784668

0.00030517578

-0.00010681152

7.6293945e-05

-3.0517578e-05

0.0004119873

0.0

-7.6293945e-05

7.6293945e-05

9.1552734e-05

6.1035156e-05

-0.00019836426

3.0517578e-05

1.5258789e-05

-0.0001373291

0.00021362305

-0.00019836426

-6.1035156e-05

0.00010681152

-4.5776367e-05

6.1035156e-05

0.0005340576

-0.00033569336

-0.000289917

-0.00024414062

-0.00018310547

0.00048828125

4.5776367e-05

-3.0517578e-05

-0.00010681152

-0.00022888184

-0.0002593994

3.0517578e-05

0.00030517578

0.00033569336

-6.1035156e-05

0.00010681152

-4.5776367e-05

0.00032043457

-3.0517578e-05

0.00018310547

-0.00030517578

-0.00022888184

0.00010681152

0.0002593994

0.00045776367

-0.00047302246

-4.5776367e-05

9.1552734e-05

-9.1552734e-05

0.0005187988

-0.00030517578

0.00039672852

0.00015258789

-0.00030517578

0.00012207031

-0.00030517578

-7.6293945e-05

0.00036621094

-3.0517578e-05

0.0001373291

0.0004119873

-6.1035156e-05

0.00036621094

0.00018310547

-0.00038146973

-6.1035156e-05

0.00021362305

-4.5776367e-05

-0.00021362305

6.1035156e-05

-0.00012207031

-0.00012207031

0.000289917

0.0

7.6293945e-05

-0.0004272461

-0.00010681152

0.0

0.0002593994

9.1552734e-05

-9.1552734e-05

-0.00024414062

-0.00010681152

-1.5258789e-05

-0.0004272461

-9.1552734e-05

7.6293945e-05

1.5258789e-05

-0.00022888184

6.1035156e-05

9.1552734e-05

0.0

-0.0005645752

0.0

-0.00045776367

-0.0001373291

0.00012207031

-0.00019836426

-1.5258789e-05

0.00047302246

-7.6293945e-05

0.000289917

-0.00012207031

-0.00012207031

-0.00012207031

0.00047302246

-0.00012207031

4.5776367e-05

0.00036621094

0.0002746582

9.1552734e-05

-0.00030517578

4.5776367e-05

-0.00018310547

0.0002746582

-0.00022888184

-9.1552734e-05

-0.00021362305

-0.00010681152

0.0001373291

1.5258789e-05

-7.6293945e-05

0.00016784668

-0.00021362305

-0.000289917

0.00024414062

-0.0002593994

0.00032043457

-7.6293945e-05

-0.00012207031

-4.5776367e-05

3.0517578e-05

6.1035156e-05

-0.00036621094

9.1552734e-05

0.00018310547

-0.00015258789

-0.00016784668

0.00016784668

-0.0001373291

4.5776367e-05

9.1552734e-05

-0.0002746582

0.00022888184

-0.00022888184

9.1552734e-05

0.00010681152

-0.00021362305

-0.00019836426

0.0004119873

-0.00018310547

-0.00050354004

-0.00019836426

0.0004119873

7.6293945e-05

0.00030517578

-3.0517578e-05

-0.00022888184

-0.00021362305

-0.00022888184

-0.00036621094

-0.0001373291

0.00045776367

0.00015258789

0.00021362305

0.000289917

0.00033569336

-9.1552734e-05

0.00036621094

-0.00022888184

0.00036621094

-0.00021362305

-0.00021362305

0.00010681152

-0.00015258789

-7.6293945e-05

-0.00022888184

-1.5258789e-05

-7.6293945e-05

-0.00010681152

-4.5776367e-05

-0.0001373291

-0.00018310547

-0.0002593994

3.0517578e-05

0.00035095215

0.0

-0.00038146973

-0.00019836426

-0.00045776367

4.5776367e-05

0.00032043457

6.1035156e-05

0.00035095215

0.00019836426

0.00024414062

0.00024414062

0.00035095215

7.6293945e-05

7.6293945e-05

0.00019836426

-1.5258789e-05

-0.0004119873

0.00021362305

0.00010681152

-0.00021362305

-0.00024414062

-0.00016784668

-9.1552734e-05

-0.00038146973

0.0005340576

0.00012207031

0.00019836426

-0.0002593994

0.0002593994

-4.5776367e-05

-3.0517578e-05

-0.00016784668

1.5258789e-05

-0.0001373291

-9.1552734e-05

-0.0005340576

-0.00010681152

-1.5258789e-05

-0.00039672852

0.00047302246

-0.00064086914

-0.0002593994

-0.00015258789

9.1552734e-05

4.5776367e-05

0.00032043457

0.00010681152

0.0002593994

6.1035156e-05

-0.00015258789

0.00018310547

3.0517578e-05

-0.0002746582

0.00024414062

0.0

-3.0517578e-05

-0.0001373291

-0.00038146973

-9.1552734e-05

7.6293945e-05

0.0004272461

0.0

0.00033569336

-4.5776367e-05

-0.00019836426

0.00012207031

-0.00016784668

-0.00035095215

0.0

-0.00022888184

0.0004272461

-6.1035156e-05

-1.5258789e-05

-0.0001373291

9.1552734e-05

0.00019836426

1.5258789e-05

1.5258789e-05

-7.6293945e-05

-0.00036621094

3.0517578e-05

0.0

-1.5258789e-05

-0.00019836426

0.00022888184

0.0

9.1552734e-05

0.00012207031

-0.00019836426

-3.0517578e-05

-0.00032043457

-0.00047302246

0.00032043457

0.00012207031

0.00032043457

-0.0004119873

3.0517578e-05

-0.0001373291

0.0002746582

0.00047302246

-6.1035156e-05

-0.00032043457

-7.6293945e-05

0.00022888184

0.000289917

4.5776367e-05

-0.00024414062

-0.00015258789

7.6293945e-05

-0.00016784668

-0.0005950928

-7.6293945e-05

0.00039672852

0.0002746582

-0.00016784668

6.1035156e-05

0.00032043457

1.5258789e-05

0.00018310547

-0.00044250488

6.1035156e-05

-0.00032043457

-0.0004272461

0.00019836426

1.5258789e-05

-0.00038146973

0.00021362305

0.00019836426

0.00012207031

-0.0004272461

-0.00012207031

7.6293945e-05

-7.6293945e-05

7.6293945e-05

-0.00015258789

-0.00019836426

-0.0002746582

-0.0005340576

-1.5258789e-05

0.00021362305

4.5776367e-05

0.00030517578

-9.1552734e-05

3.0517578e-05

-0.00010681152

-0.0001373291

-0.00019836426

1.5258789e-05

-0.000289917

-6.1035156e-05

-3.0517578e-05

0.00010681152

-0.00030517578

0.00010681152

0.0002593994

-3.0517578e-05

-0.00019836426

0.0002746582

0.00010681152

0.00032043457

-4.5776367e-05

0.00033569336

0.00010681152

-4.5776367e-05

-0.00010681152

-0.00024414062

1.5258789e-05

0.00012207031

7.6293945e-05

0.0001373291

3.0517578e-05

4.5776367e-05

0.0001373291

0.00032043457

0.00048828125

-4.5776367e-05

1.5258789e-05

-0.00035095215

-9.1552734e-05

0.00035095215

1.5258789e-05

0.00050354004

-0.00038146973

0.00065612793

-3.0517578e-05

0.0001373291

0.0002593994

-6.1035156e-05

-9.1552734e-05

0.00019836426

4.5776367e-05

0.0001373291

9.1552734e-05

-0.00019836426

6.1035156e-05

0.00038146973

-0.00032043457

-0.0002593994

-0.0002593994

0.0002593994

0.00033569336

0.0001373291

0.00021362305

0.0004272461

-0.00022888184

-9.1552734e-05

-0.00015258789

-1.5258789e-05

-0.0005187988

4.5776367e-05

-9.1552734e-05

0.00032043457

-0.00045776367

-0.000579834

-0.00036621094

0.00022888184

0.00024414062

0.0002746582

0.00021362305

-0.0002593994

-0.0002746582

0.00015258789

0.00012207031

-1.5258789e-05

0.00032043457

0.00021362305

-0.00012207031

-3.0517578e-05

-0.00016784668

0.00012207031

0.00022888184

0.0002746582

-0.00016784668

-0.00021362305

-6.1035156e-05

0.00022888184

-0.00024414062

-6.1035156e-05

3.0517578e-05

-0.00047302246

9.1552734e-05

-1.5258789e-05

0.00035095215

-0.00018310547

-7.6293945e-05

4.5776367e-05

-3.0517578e-05

-0.00015258789

-0.00015258789

0.00010681152

-6.1035156e-05

0.00030517578

-4.5776367e-05

3.0517578e-05

-0.00015258789

0.0002593994

-3.0517578e-05

0.0005493164

-6.1035156e-05

0.0001373291

0.00030517578

-0.00012207031

-0.0002593994

0.00032043457

7.6293945e-05

0.00021362305

-4.5776367e-05

-0.00024414062

-3.0517578e-05

-0.00035095215

-0.0001373291

0.0

0.0

-3.0517578e-05

-1.5258789e-05

0.00035095215

7.6293945e-05

7.6293945e-05

-0.00024414062

1.5258789e-05

-0.00044250488

3.0517578e-05

-0.0002746582

-0.0001373291

-0.00022888184

-1.5258789e-05

6.1035156e-05

-9.1552734e-05

-0.000289917

-0.0004119873

-0.00022888184

3.0517578e-05

-0.00010681152

7.6293945e-05

-0.00012207031

4.5776367e-05

0.0005950928

0.00024414062

-0.00010681152

0.0002746582

-0.00015258789

-0.00018310547

-0.00030517578

0.00018310547

-0.00033569336

4.5776367e-05

0.00015258789

-6.1035156e-05

-7.6293945e-05

-0.00047302246

-0.00061035156

-0.00012207031

6.1035156e-05

7.6293945e-05

-4.5776367e-05

0.00010681152

-0.00018310547

-0.00018310547

-0.00035095215

0.00019836426

0.00045776367

-6.1035156e-05

0.0

6.1035156e-05

-0.00018310547

3.0517578e-05

-0.00035095215

-1.5258789e-05

-0.00018310547

0.00018310547

0.00024414062

-0.00012207031

-0.0002593994

0.00018310547

-0.00030517578

1.5258789e-05

3.0517578e-05

-3.0517578e-05

-0.00019836426

3.0517578e-05

0.00044250488

0.00021362305

0.00048828125

-0.00015258789

0.00038146973

-0.00044250488

6.1035156e-05

0.00022888184

-0.00038146973

0.00032043457

6.1035156e-05

-0.0001373291

0.00030517578

-0.00048828125

0.00018310547

0.00032043457

0.0001373291

0.00021362305

-0.0001373291

-0.000289917

4.5776367e-05

1.5258789e-05

-0.00032043457

-0.00033569336

0.00022888184

4.5776367e-05

0.00012207031

-0.0005340576

-0.00021362305

-0.00018310547

0.00019836426

7.6293945e-05

-0.00030517578

0.00022888184

4.5776367e-05

0.0005340576

0.00021362305

0.00047302246

0.00012207031

-0.00022888184

4.5776367e-05

0.0

0.0002593994

-0.00015258789

-0.00032043457

-0.00010681152

-0.0002593994

-0.00010681152

-0.0002593994

0.00012207031

0.00021362305

-9.1552734e-05

3.0517578e-05

-6.1035156e-05

0.00024414062

6.1035156e-05

-0.00024414062

-0.0002593994

-0.0004272461

6.1035156e-05

-0.0004272461

0.00018310547

-0.0004272461

-0.00012207031

0.00015258789

7.6293945e-05

-0.00048828125

-1.5258789e-05

-0.0004119873

7.6293945e-05

0.0002593994

-0.00050354004

0.00010681152

0.00036621094

-0.00022888184

0.00035095215

0.00012207031

4.5776367e-05

-4.5776367e-05

6.1035156e-05

7.6293945e-05

-0.00044250488

0.00038146973

-1.5258789e-05

-0.00018310547

-0.00030517578

6.1035156e-05

0.00016784668

6.1035156e-05

-6.1035156e-05

-4.5776367e-05

0.00018310547

0.00035095215

-0.00044250488

0.00015258789

0.00010681152

-0.00038146973

0.0002746582

-0.0002593994

-0.00012207031

6.1035156e-05

-0.00016784668

-0.00016784668

0.00012207031

9.1552734e-05

0.00038146973

-0.00018310547

0.0001373291

0.00016784668

-0.00035095215

0.00038146973

4.5776367e-05

-0.00016784668

9.1552734e-05

-1.5258789e-05

-0.00048828125

0.00016784668

-0.0001373291

-4.5776367e-05

0.0

0.000289917

7.6293945e-05

-3.0517578e-05

0.00010681152

-0.00010681152

0.00010681152

-0.00030517578

-0.0004119873

9.1552734e-05

0.0004119873

-0.00035095215

0.00039672852

6.1035156e-05

-0.0002746582

0.00018310547

4.5776367e-05

0.0002593994

-6.1035156e-05

-0.00044250488

-0.00038146973

7.6293945e-05

0.00016784668

0.0002746582

0.00021362305

-0.00010681152

-0.00016784668

-6.1035156e-05

9.1552734e-05

-0.00024414062

-0.00033569336

-6.1035156e-05

-0.00033569336

-0.0001373291

9.1552734e-05

-0.0002593994

0.00045776367

0.00021362305

-0.00030517578

7.6293945e-05

-0.00024414062

0.00021362305

0.0

0.00047302246

-0.00022888184

-0.0005950928

4.5776367e-05

-0.00019836426

0.00016784668

0.0

-0.00010681152

-0.00021362305

-0.0002593994

3.0517578e-05

-0.00016784668

0.0002593994

-0.0006713867

0.00048828125

0.000289917

-0.00018310547

0.0001373291

4.5776367e-05

7.6293945e-05

-4.5776367e-05

4.5776367e-05

-0.0005340576

0.00050354004

-4.5776367e-05

6.1035156e-05

0.00024414062

-9.1552734e-05

0.00016784668

0.00010681152

-0.00024414062

-0.00015258789

0.0

0.00010681152

0.00030517578

0.0

-0.00022888184

-0.00016784668

-0.0001373291

0.0001373291

0.0005340576

-9.1552734e-05

0.00019836426

4.5776367e-05

0.00030517578

0.00032043457

-0.000289917

0.00010681152

0.000289917

4.5776367e-05

-0.00010681152

1.5258789e-05

0.00010681152

0.00010681152

3.0517578e-05

0.00030517578

6.1035156e-05

-9.1552734e-05

0.00015258789

0.00021362305

0.00024414062

-3.0517578e-05

0.00018310547

-0.00033569336

0.00035095215

-0.0001373291

7.6293945e-05

6.1035156e-05

-0.00021362305

0.00010681152

-0.00012207031

9.1552734e-05

1.5258789e-05

-0.00036621094

1.5258789e-05

9.1552734e-05

7.6293945e-05

0.00019836426

-3.0517578e-05

0.00048828125

-0.00048828125

0.00019836426

-0.00019836426

0.0002746582

9.1552734e-05

-0.00024414062

-0.00030517578

7.6293945e-05

-0.00033569336

-0.0001373291

-0.00032043457

-0.00036621094

-3.0517578e-05

0.00035095215

-9.1552734e-05

0.00024414062

-0.00030517578

-0.00016784668

-0.00016784668

-0.00015258789

0.00012207031

0.0

-0.0004272461

0.00035095215

0.00022888184

0.00018310547

0.0

0.0001373291

0.00019836426

0.00021362305

0.0004272461

-9.1552734e-05

0.00030517578

-0.00012207031

-0.000579834

-0.00015258789

-9.1552734e-05

1.5258789e-05

0.0004272461

0.00012207031

0.00018310547

0.00015258789

0.0001373291

-6.1035156e-05

0.00010681152

0.00015258789

-0.00024414062

7.6293945e-05

-4.5776367e-05

3.0517578e-05

0.00044250488

0.0002746582

7.6293945e-05

1.5258789e-05

0.0002593994

-0.00024414062

-0.00064086914

-4.5776367e-05

9.1552734e-05

0.00021362305

0.00019836426

-4.5776367e-05

0.00016784668

3.0517578e-05

-0.000289917

0.00024414062

0.0002746582

4.5776367e-05

0.0001373291

-0.00012207031

10.400787

-18.606049

-23.188766

-53.17186

132.86584

-30.030289

-69.74295

120.48169

-100.29033

26.005447

36.809372

-47.324203

24.009308

1.7306519

-0.8243561

-12.207794

-4.70636

22.389389

-9.322159

-1.554718

10.114258

-10.838257

-1.970047

4.5662994

-4.1403046

5.5591125

-1.3237

-1.8184967

8.205688

-9.874435

0.69003296

4.8080597

-4.936203

2.5146332

1.0146484

1.1515656

-2.8319397

-0.83891296

0.259964

1.140213

-0.12054443

-0.93229675

2.236969

-1.2569885

-0.51130676

-0.7942352

-0.41047668

1.8796387

-1.3555145

0.2301178

1.1584625

-1.8911285

0.53775024

0.51815796

-1.1140137

0.727478

0.2953949

-0.24324036

0.06738281

-0.34321594

0.37113953

-0.09744263

-0.06674194

0.15997314

-0.045913696

0.13575745

-0.2362976

0.014984131

-0.037872314

-0.019241333

-0.15759277

0.26249695

0.11885071

-0.43193054

0.19081116

0.17655945

-0.25442505

0.075149536

0.12472534

-0.120651245

0.026397705

-0.014312744

0.039474487

-0.06669617

0.09176636

0.013458252

4.663986

-50.284668

-19.360962

7.5805664

113.02232

-79.26608

-1.5542755

58.256653

-63.055176

41.685486

2.8208008

-21.6651

5.6067047

-0.7577362

4.0267487

-4.050537

7.8257446

-2.6452942

-7.178421

5.2383575

-0.96946716

-6.4502106

10.162033

-0.114349365

-5.642639

3.2857056

-3.7613068

1.4479675

4.8381653

-3.8795166

-0.7421875

2.2122803

0.73046875

-3.2608337

0.78318787

-0.07601929

-0.7424927

1.6989441

-0.37779236

-0.90296936

0.6983032

-0.5112457

-1.0626678

2.5844116

-52.646484

-27.414795

26.842972

159.95732

-146.44675

36.314056

82.33301

-139.77666

106.73877

-19.57367

-44.7397

51.866516

-16.242554

-10.111847

-0.432312

6.374817

-5.8483734

3.595459

1.7618866

-3.3438568

-1.7515106

8.055603

-2.4548035

-6.439041

9.789719

-7.0815277

2.0499115

6.662689

-13.485779

10.16214

-3.4322205

-2.505371

6.683609

-2.5804138

-0.32769775

-0.22953796

-0.40760803

1.1180267

-2.1189728

1.3700867

-0.9297638

1.1579742

-1.9666138

0.7484131

0.47079468

-1.520752

1.654419

-0.7703247

-0.2314148

0.14201355

0.2386322

-1.0230103

1.1908569

-0.61416626

-0.24467468

1.1766968

-0.93029785

0.22772217

-0.12084961

0.6391754

-0.7266998

0.55329895

0.06147766

-0.8079071

0.90400696

-0.51756287

0.056640625

0.2529602

-0.33717346

0.24325562

0.061065674

-0.029022217

-0.25238037

0.34831238

-0.16851807

-0.19163513

0.2762146

-0.19136047

0.0818634

0.016113281

-0.082717896

0.07171631

-0.0078125

0.0027008057

0.012466431

0.019470215

-25.845886

-33.275116

41.91359

74.08807

-114.41002

77.0894

-9.449966

-36.558777

51.160004

-36.615524

10.890213

-1.1192017

-5.234375

9.868103

-11.449295

7.524658

0.21206665

-3.2189636

4.31485

-2.586975

-1.6930695

7.007721

0.67915344

-5.1489563

3.595749

-0.7575989

-4.2478485

5.744583

-4.2805176

1.6753082

4.8287964

-6.2467804

1.2922974

1.2140503

-0.08088684

-1.1714172

0.4664154

-1.1564178

0.38458252

-0.5589905

0.67266846

-0.7219696

0.5272217

14.216919

-45.25229

47.937485

76.897

-179.17323

160.60474

-53.106384

-55.481506

111.9167

-102.5874

42.564697

0.8469696

-24.993042

28.17691

-23.650253

22.885498

-10.142609

-9.082092

15.423355

-11.656815

4.7069397

10.783905

-9.53479

1.0997467

4.205002

-5.946869

2.7830658

1.9017487

-4.753311

3.046341

-1.6551056

-0.73605347

-1.8029785

4.3320465

-2.1309814

-3.6979218

7.1051025

-3.26297

-1.0224457

-0.36039734

0.7259674

-0.33236694

-0.5059509

2.9510345

-2.8178253

3.3304749

-3.002182

0.11605835

3.7609863

-5.1295776

2.4436493

1.8522491

-3.846222

2.874939

-0.3347168

-1.675354

1.486206

-0.6125488

0.22698975

0.5200348

-0.6733551

-0.14581299

0.5964966

-0.79771423

0.028213501

0.9251709

-0.6164551

0.01927185

0.3493805

-0.35379028

0.060760498

0.19194031

-0.23181152

0.24407959

-0.18457031

-0.0058898926

0.19810486

-0.16259766

0.022872925

-0.11602783

0.13191223

-0.06304932

0.005722046

0.1461029

-0.2910614

0.22366333

26.37564

-29.847504

44.55922

-8.238998

-90.95285

102.49013

-64.92993

7.625122

31.621262

-44.569534

23.878998

-3.0631866

3.5171661

7.5581512

-9.621155

4.4295654

-9.216202

2.5207672

7.6233063

-7.6417694

3.703125

4.6525116

-8.680054

3.9269104

2.9475708

-3.456131

3.042511

-1.3016968

-3.5642853

3.563324

1.9388275

-5.7147217

2.152542

2.5491333

-0.26687622

0.9027252

-0.5815582

-1.1732025

-0.21134949

0.37213135

-0.12734985

0.16342163

1.7068329

60.376694

-19.420502

48.916046

-55.751373

-100.5455

171.0711

-143.34117

46.505768

44.790787

-92.43536

63.45726

-4.633087

-14.99118

6.145569

5.08165

-5.5061035

-14.508728

21.79486

-8.741409

0.76104736

8.708923

-3.1217957

-12.261154

10.366867

1.0646973

-3.3941345

10.6732025

-14.228867

1.2422028

5.9521484

-4.9700775

-0.20301819

3.3098907

0.49865723

-3.8581543

3.952835

-0.3535614

-4.1004486

4.055084

-2.1574097

-0.0010375977

2.0942993

-0.24848938

0.73072815

-0.85528564

-1.2903137

-0.03465271

2.2560577

-1.9295349

0.3310852

1.8385925

-3.0290527

1.7448425

0.118255615

-0.9629669

1.5840454

-1.2022095

-0.21386719

0.77890015

-0.3293152

-0.7242737

1.0128021

-0.6092377

-0.17451477

0.9606781

-0.79504395

0.14787292

0.34092712

-0.32019043

-0.08189392

0.32453918

-0.34184265

0.034454346

0.3344574

-0.39704895

0.19363403

0.094192505

-0.26312256

0.29385376

-0.15019226

-0.03540039

-0.0035095215

0.066482544

-0.11807251

0.08390808

0.0063476562

5.99765

35.431656

6.1694336

-69.254745

-10.182358

80.550705

-93.166794

56.187424

-7.6733856

-21.254837

37.74347

-23.81845

8.887756

-2.1326447

-7.329941

3.3633575

-3.2588806

7.7936554

-3.6530914

0.56954956

3.2108612

-4.9795685

-3.4312744

2.3475494

4.540344

-6.911484

3.6855469

-3.6259308

0.19003296

5.269455

-1.6238251

-1.4467773

1.5083466

1.0079956

-0.48098755

-2.4350433

1.2580261

-0.34580994

1.0696564

-0.6746216

0.1492157

0.38848877

1.1169891

-5.3878784

79.99309

-7.76149

-110.40709

38.2601

95.328354

-168.25227

138.95566

-57.269424

-27.93715

71.75568

-48.591278

18.343796

-7.917679

11.407928

4.8805084

-23.527466

19.273224

-8.241028

-2.2375946

7.4634094

-5.3746185

-8.57756

5.4130707

3.363205

-9.30632

11.276138

-6.3567963

-1.0595398

7.00441

-7.9419403

1.392868

5.2873535

-4.9471893

-0.1950531

5.412918

-3.9677734

0.032821655

2.4201965

-0.8307648

1.3750458

-2.3525543

2.7431946

-1.8685913

-0.26628113

1.2613983

-1.6783447

2.2771149

-2.9044037

1.4456024

2.4423676

-4.2945404

3.0716553

-0.70988464

-1.1280518

1.726059

-1.1476135

0.29011536

0.041915894

-0.21290588

-0.38619995

0.9769745

-0.83673096

0.29362488

0.71347046

-1.09552

0.39259338

0.31793213

-0.4449768

0.21263123

0.14042664

-0.43133545

0.29258728

-0.031539917

-0.12863159

0.1917572

-0.0617218

-0.010131836

0.015197754

0.077560425

-0.031814575

-0.13690186

0.20628357

-0.17793274

0.022598267

0.12150574

3.8561249

5.7325897

-14.64798

-58.22267

78.73894

8.187897

-68.06528

86.098785

-54.412704

1.59758

28.151825

-22.791733

4.083786

-3.0747833

4.1402283

3.965866

-7.741989

14.120331

-3.9621735

-8.522278

8.042084

-4.9111633

-5.861908

7.330536

-4.408951

1.1418304

4.1913757

-7.551071

5.2756653

1.2853546

-6.723694

4.8668976

1.3314362

-4.5075226

2.6029205

2.017517

-3.230545

0.7961273

0.34599304

1.6163788

-0.17095947

-1.004303

-0.0337677

19.856247

-10.927124

-27.378769

-68.70236

148.229

-26.152405

-101.512634

156.09612

-117.24327

37.916718

37.128952

-40.86354

15.417343

-15.781906

8.259399

-4.4412994

3.8995514

13.753281

-19.321136

8.8298645

4.944916

-18.308395

13.658966

4.5653076

-10.67717

4.4208984

-0.60087585

-5.3521576

9.019806

-2.1556854

-4.589859

2.562912

4.631836

-6.243988

0.07989502

-0.36193848

-1.7916107

2.2127075

1.0236511

-0.6842041

0.102264404

0.5932312

-2.0879517

-0.25723267

1.3261719

-1.1379242

2.1301575

-1.0033569

-2.319107

3.1260834

-1.6862488

-1.1537628

2.7330475

-2.0774078

0.548996

1.0122681

-1.7050018

0.8666382

0.08862305

-0.6161041

0.9292755

0.08073425

-0.71165466

0.5435486

-0.009094238

-0.6143799

0.45458984

-0.045944214

-0.13658142

0.28512573

-0.05697632

-0.19606018

0.18203735

-0.20892334

-0.039855957

0.17079163

-0.07235718

0.023757935

-0.02331543

-0.07575989

-0.008575439

0.050720215

0.076675415

-0.10134888

0.17700195

-0.16296387

4.9757233

-49.597534

-18.42044

6.6150513

110.8432

-76.708694

-2.5111694

58.635452

-64.96051

41.78807

-3.8366394

-21.859665

22.723907

-12.137741

2.576355

-2.7534943

4.295807

0.26342773

-2.3206635

6.0893097

-7.2545013

-1.034195

7.122864

-1.296814

-2.2093048

1.3220215

-0.95777893

-2.728592

6.3547974

-5.1476593

3.965561

-1.1429749

-0.68255615

3.008438

-5.0487213

2.558136

0.18334961

-1.9675293

1.5083466

-1.4037933

0.96191406

-0.13043213

-0.064208984

1.4159088

-52.645447

-30.09616

25.798706

171.9611

-153.74635

39.14679

74.792755

-122.336044

92.699646

-33.470306

-23.240494

26.38588

-22.996994

28.93779

-15.504959

2.8708801

5.219818

-10.924835

11.09198

-6.5486145

-3.0441437

7.017288

5.2564545

-9.734161

3.6597595

6.4465485

-9.472076

12.58226

-7.4890594

-5.067276

9.251923

-5.058182

-1.762497

2.3960419

-0.03881836

0.69065857

-1.0511017

0.40629578

-0.6198578

-0.2498169

0.4906311

-0.90185547

-0.95339966

3.0234222

-1.6638031

0.38319397

-0.83244324

-0.19143677

1.8240356

-2.6440125

1.2123108

0.36270142

-1.1603241

1.2389526

-1.1509247

0.2877655

0.1565094

-0.017913818

-0.017562866

0.44062805

-0.30363464

-0.44680786

0.87049866

-0.9123993

0.21936035

0.79208374

-0.8010559

0.32029724

0.09812927

-0.27238464

0.21237183

0.026123047

-0.0042419434

-0.06613159

-0.07084656

0.2294159

-0.2223053

0.057113647

0.0031738281

-0.18582153

0.19064331

0.026031494

-0.15888977

0.15653992

-0.080444336

-0.0072784424

-27.039291

-32.476074

40.411606

71.96091

-114.543686

82.42908

-5.7373657

-46.970856

63.78116

-39.45729

2.763321

15.46373

-22.600983

10.090775

-3.7558136

6.8428802

5.920334

-14.0555725

5.454056

2.011139

-7.3206787

10.329788

-0.25289917

-3.5734863

4.654373

-8.044403

4.259079

1.98909

-3.4026642

3.232605

-3.3251648

0.36558533

-0.81825256

1.6742706

-2.2097473

-1.0830078

2.8982391

-0.8104706

-0.21748352

-0.85946655

0.6482544

0.66752625

-1.6530304

14.336258

-47.719437

58.60501

78.077774

-186.21913

151.47592

-49.797302

-59.193024

110.13339

-78.027145

18.208344

4.555954

-7.5034637

21.964935

-21.36081

7.965042

-9.806641

-7.7660522

20.171616

-8.7704315

-6.3861847

19.770233

-10.8098755

-1.4729614

10.764221

-11.862518

3.8991547

5.5833435

-10.992523

6.2006073

7.618866

-13.830032

3.378189

7.0030212

-6.601761

4.1967163

1.6176453

-4.080414

0.6728363

-2.186325

1.9244537

-0.32699585

1.8461761

0.062454224

-1.9917297

1.3781891

-1.3033142

1.8049622

-0.54145813

-1.4461517

2.085968

-0.5926666

-1.0158997

1.3495636

-1.2073822

0.602005

0.5086212

-0.7921753

0.7102814

-0.21420288

-0.72442627

0.60839844

0.029846191

-0.60328674

0.5289154

0.20648193

-0.65644836

0.65519714

-0.18504333

-0.4365387

0.71040344

-0.3288269

-0.03907776

0.21148682

-0.107406616

0.03414917

-0.14120483

0.040634155

0.014526367

-0.02998352

0.1826477

-0.16265869

-0.031921387

0.107055664

-0.09133911

0.084228516

26.218735

-31.893158

44.518402

-6.9460144

-94.81421

107.03053

-64.23154

4.31723

38.958023

-45.46199

30.928284

-0.9941864

-13.460693

2.8533783

4.2882233

2.280136

-6.8206177

3.4649506

-4.004196

3.9205475

0.9640503

1.8476257

-5.947586

2.9770203

0.47824097

-5.4945984

7.5222473

-5.2927094

0.8791504

4.408798

-4.5477295

2.6854248

-0.7529907

-1.1382904

1.5812683

-3.0643463

2.7839355

-1.5844879

0.717865

-0.47566223

-0.19995117

1.0024872

-0.34016418

0.09669495

