0.00032043457

-0.00019836426

0.00016784668

-0.00036621094

0.0001373291

-0.0002593994

-7.6293945e-05

0.00030517578

-0.00015258789

-0.00010681152

0.00010681152

6.1035156e-05

0.00010681152

0.00022888184

-0.00012207031

-0.0001373291

0.0001373291

1.5258789e-05

-0.00022888184

-3.0517578e-05

-0.00012207031

0.00019836426

1.5258789e-05

0.00033569336

1.5258789e-05

-7.6293945e-05

-0.00018310547

0.0004119873

-4.5776367e-05

-0.0001373291

-7.6293945e-05

0.00030517578

0.00021362305

0.00022888184

-0.00018310547

-0.00018310547

0.0002746582

-0.0001373291

-0.00044250488

-4.5776367e-05

0.00032043457

-6.1035156e-05

0.00016784668

-0.00015258789

4.5776367e-05

-0.0001373291

-0.00015258789

-7.6293945e-05

3.0517578e-05

0.0006713867

-0.00032043457

-0.00021362305

-0.00019836426

0.0004119873

9.1552734e-05

9.1552734e-05

-0.00038146973

-7.6293945e-05

-0.00050354004

0.0001373291

-0.00016784668

-0.00012207031

-0.00022888184

-6.1035156e-05

-7.6293945e-05

-0.00032043457

-0.00012207031

-0.00024414062

0.00022888184

-0.00015258789

-0.0004119873

-0.000289917

-0.00015258789

-0.00012207031

3.0517578e-05

0.00021362305

-0.00022888184

-0.00016784668

9.1552734e-05

0.00047302246

7.6293945e-05

-0.00036621094

1.5258789e-05

0.00032043457

0.00016784668

0.00044250488

3.0517578e-05

0.00044250488

-0.00019836426

-0.0001373291

0.00024414062

-0.00015258789

0.0002593994

3.0517578e-05

0.0

0.00012207031

-0.000289917

0.00064086914

-0.00021362305

0.0004272461

-0.0005493164

-0.00022888184

-0.0002746582

7.6293945e-05

-3.0517578e-05

0.00018310547

0.00030517578

-0.00018310547

-0.0002746582

0.000289917

0.0

0.0001373291

-0.00010681152

0.00012207031

7.6293945e-05

-0.00015258789

-0.0004272461

-0.00032043457

-0.00038146973

4.5776367e-05

0.00019836426

-0.0005493164

9.1552734e-05

-4.5776367e-05

0.00022888184

0.00018310547

-0.0001373291

-9.1552734e-05

9.1552734e-05

0.0001373291

-9.1552734e-05

-0.00010681152

-0.00044250488

0.000289917

-3.0517578e-05

-0.00033569336

0.0

0.00015258789

0.00010681152

-0.00010681152

-0.00012207031

-4.5776367e-05

-1.5258789e-05

0.000289917

0.00010681152

-0.00033569336

0.00019836426

-3.0517578e-05

-0.00036621094

0.0

0.00024414062

-7.6293945e-05

0.00024414062

-0.00035095215

0.000289917

0.0005340576

3.0517578e-05

9.1552734e-05

0.00021362305

9.1552734e-05

-0.0005950928

0.00033569336

-0.00018310547

-0.00016784668

-0.0002746582

-0.00022888184

-0.00010681152

4.5776367e-05

-0.00018310547

-0.00033569336

7.6293945e-05

6.1035156e-05

-0.00019836426

-6.1035156e-05

-0.00012207031

-9.1552734e-05

3.0517578e-05

0.00010681152

-0.00018310547

0.00018310547

0.00010681152

0.00032043457

0.00010681152

0.0001373291

-0.00010681152

-0.00016784668

-0.00022888184

-0.00012207031

0.0004272461

-0.00012207031

0.00036621094

0.0005493164

-0.00010681152

0.00012207031

-0.000289917

0.00022888184

4.5776367e-05

-0.00030517578

0.00019836426

-3.0517578e-05

-1.5258789e-05

1.5258789e-05

-0.00032043457

-4.5776367e-05

-0.00024414062

3.0517578e-05

-7.6293945e-05

-6.1035156e-05

-0.0004119873

-0.00016784668

-1.5258789e-05

-0.00035095215

-0.0002746582

3.0517578e-05

-0.00015258789

0.00018310547

0.0

-0.00010681152

-7.6293945e-05

0.00045776367

4.5776367e-05

-0.0005645752

-0.00019836426

-0.00015258789

-0.00035095215

-0.00010681152

-0.0005340576

9.1552734e-05

-0.00033569336

1.5258789e-05

-0.00035095215

0.0002746582

-0.0002593994

0.00018310547

0.0001373291

-4.5776367e-05

0.00018310547

-0.00015258789

0.00021362305

0.00015258789

-3.0517578e-05

-0.00019836426

9.1552734e-05

6.1035156e-05

0.00018310547

-0.00021362305

-0.00018310547

0.00012207031

0.00044250488

0.00010681152

0.0001373291

-3.0517578e-05

-0.00021362305

7.6293945e-05

-1.5258789e-05

-0.00019836426

-0.00015258789

0.00024414062

0.00010681152

6.1035156e-05

9.1552734e-05

7.6293945e-05

-0.00021362305

-0.00033569336

-0.0001373291

0.00016784668

0.0002746582

-0.0004272461

4.5776367e-05

-0.00045776367

0.00033569336

-7.6293945e-05

0.00024414062

-0.00012207031

0.00036621094

-0.00018310547

0.00035095215

0.0005645752

0.00016784668

3.0517578e-05

0.0

0.00032043457

6.1035156e-05

-0.00050354004

0.00018310547

0.00030517578

0.00022888184

-0.000289917

0.00032043457

0.0002593994

0.00036621094

-0.00010681152

-0.00039672852

-3.0517578e-05

0.00010681152

-0.00047302246

0.00010681152

0.00012207031

-6.1035156e-05

9.1552734e-05

0.00039672852

-1.5258789e-05

-0.00022888184

-0.00038146973

-0.00018310547

0.00032043457

0.0

-0.00012207031

0.00047302246

-9.1552734e-05

-0.000289917

4.5776367e-05

-0.00018310547

6.1035156e-05

-4.5776367e-05

0.0

3.0517578e-05

-6.1035156e-05

6.1035156e-05

-0.0001373291

0.0001373291

7.6293945e-05

-3.0517578e-05

0.00033569336

0.00045776367

-0.00019836426

-7.6293945e-05

0.0002593994

0.0002593994

0.00033569336

-0.0001373291

9.1552734e-05

-4.5776367e-05

-0.00032043457

6.1035156e-05

4.5776367e-05

-0.00021362305

-6.1035156e-05

-3.0517578e-05

9.1552734e-05

0.00019836426

-1.5258789e-05

0.0001373291

-3.0517578e-05

-0.00048828125

-0.00012207031

-0.00012207031

-0.00010681152

0.00033569336

-7.6293945e-05

4.5776367e-05

6.1035156e-05

0.00050354004

0.00022888184

-0.00022888184

7.6293945e-05

0.0002746582

0.00030517578

-0.00036621094

3.0517578e-05

0.00022888184

-0.00021362305

-0.00036621094

0.00012207031

-4.5776367e-05

0.000289917

-6.1035156e-05

-0.00010681152

-4.5776367e-05

-3.0517578e-05

1.5258789e-05

0.00016784668

0.00044250488

-0.00021362305

0.00012207031

-0.00035095215

0.00012207031

0.0005493164

0.0002746582

-0.00035095215

-0.000289917

-0.00061035156

-0.00024414062

-0.00019836426

0.00015258789

0.0001373291

0.0

-0.00015258789

-0.00016784668

-0.00016784668

-0.00018310547

-0.00016784668

-9.1552734e-05

-0.00012207031

6.1035156e-05

0.000289917

-0.000289917

0.0002593994

0.00012207031

-7.6293945e-05

-0.000289917

-3.0517578e-05

-0.0004119873

-6.1035156e-05

0.00016784668

3.0517578e-05

-0.00010681152

9.1552734e-05

0.0002593994

0.00024414062

-0.0001373291

4.5776367e-05

0.0004272461

0.00019836426

-0.00016784668

0.0002746582

0.000289917

1.5258789e-05

-6.1035156e-05

0.00021362305

-0.00012207031

-7.6293945e-05

1.5258789e-05

0.00018310547

0.00015258789

0.00033569336

0.00036621094

-0.0004272461

-9.1552734e-05

-6.1035156e-05

-9.1552734e-05

0.00022888184

-0.0002746582

9.1552734e-05

0.00010681152

-0.00064086914

-3.0517578e-05

0.0002593994

0.00062561035

0.00019836426

0.00019836426

-0.00012207031

0.00015258789

-0.000289917

0.00048828125

0.00035095215

-0.00033569336

0.0

0.00033569336

-0.0004119873

-1.5258789e-05

3.0517578e-05

6.1035156e-05

-0.00021362305

-0.00019836426

-7.6293945e-05

-0.00033569336

-0.0005187988

9.1552734e-05

-0.00032043457

-4.5776367e-05

-0.00015258789

0.00015258789

-0.00019836426

-0.0002593994

0.00018310547

1.5258789e-05

-9.1552734e-05

3.0517578e-05

6.1035156e-05

0.0004272461

-0.00018310547

0.00016784668

9.1552734e-05

-0.00021362305

0.00030517578

-1.5258789e-05

-9.1552734e-05

0.0002746582

-0.00016784668

-0.00032043457

-3.0517578e-05

0.00010681152

-0.00021362305

0.00016784668

4.5776367e-05

-0.00012207031

-0.00036621094

0.00016784668

0.00022888184

-1.5258789e-05

-3.0517578e-05

4.5776367e-05

0.00021362305

0.0004272461

-6.1035156e-05

-6.1035156e-05

-0.00021362305

-6.1035156e-05

0.00021362305

-0.00018310547

0.0

-6.1035156e-05

0.00036621094

-0.00032043457

-0.00022888184

0.00030517578

6.1035156e-05

0.00015258789

0.0007171631

-7.6293945e-05

0.00019836426

0.0

-0.00012207031

-7.6293945e-05

0.000289917

-0.0004119873

0.00015258789

0.00019836426

-0.00012207031

0.00024414062

0.00024414062

-0.0002593994

-0.0002593994

0.00032043457

-0.00010681152

-6.1035156e-05

4.5776367e-05

-0.00045776367

9.1552734e-05

-4.5776367e-05

-0.00022888184

-0.0005187988

0.00030517578

0.00039672852

-0.00019836426

6.1035156e-05

-3.0517578e-05

0.00010681152

1.5258789e-05

9.1552734e-05

-0.00019836426

-1.5258789e-05

-0.0004272461

-0.0005187988

-0.00036621094

-7.6293945e-05

7.6293945e-05

-0.00018310547

-0.00010681152

-4.5776367e-05

-0.00021362305

-0.00038146973

-0.0005645752

-0.00016784668

0.0002746582

-0.00036621094

9.1552734e-05

-0.00010681152

-6.1035156e-05

-4.5776367e-05

-6.1035156e-05

7.6293945e-05

0.00044250488

-0.000289917

0.00010681152

-0.00016784668

0.0002746582

0.00016784668

-0.00030517578

0.0002746582

-0.00016784668

-0.00024414062

6.1035156e-05

0.0002746582

4.5776367e-05

6.1035156e-05

0.00032043457

-1.5258789e-05

-0.00036621094

-7.6293945e-05

0.0002593994

0.00016784668

6.1035156e-05

-0.00021362305

0.00065612793

-9.1552734e-05

6.1035156e-05

-0.00018310547

0.00024414062

-6.1035156e-05

3.0517578e-05

0.0001373291

-9.1552734e-05

0.0001373291

-0.0004119873

0.0004272461

-0.00024414062

-6.1035156e-05

-0.0004119873

-1.5258789e-05

0.00035095215

-0.0001373291

-9.1552734e-05

-0.00015258789

0.00019836426

0.00022888184

0.00010681152

-0.00012207031

0.00012207031

-9.1552734e-05

0.00021362305

3.0517578e-05

-0.000579834

-6.1035156e-05

0.00012207031

-0.00018310547

1.5258789e-05

4.5776367e-05

0.0

0.00021362305

0.00022888184

3.0517578e-05

-1.5258789e-05

0.00015258789

-9.1552734e-05

-9.1552734e-05

0.00010681152

0.00012207031

-0.00019836426

0.00010681152

-3.0517578e-05

0.00032043457

1.5258789e-05

7.6293945e-05

-0.00018310547

0.00010681152

-0.00036621094

4.5776367e-05

-0.00035095215

-0.00012207031

-0.00039672852

-7.6293945e-05

-0.00030517578

0.00035095215

0.00010681152

-0.0004119873

7.6293945e-05

-0.0001373291

-0.00010681152

3.0517578e-05

-1.5258789e-05

-0.00030517578

-0.00010681152

-0.00012207031

-4.5776367e-05

-6.1035156e-05

0.00047302246

-9.1552734e-05

0.00016784668

0.00015258789

-0.00010681152

-0.0001373291

-6.1035156e-05

9.1552734e-05

-0.00024414062

-0.00048828125

-0.00030517578

-0.00016784668

-0.00015258789

-0.00019836426

-1.5258789e-05

-0.00010681152

0.00035095215

0.00024414062

0.000289917

0.000289917

-7.6293945e-05

4.5776367e-05

-6.1035156e-05

9.1552734e-05

-3.0517578e-05

0.00010681152

-0.00022888184

0.00016784668

-9.1552734e-05

-0.00035095215

0.00030517578

-0.00012207031

0.00022888184

0.00018310547

-0.00010681152

-0.00018310547

-0.00010681152

0.00019836426

-0.000289917

-0.0002593994

-0.0001373291

1.5258789e-05

0.00030517578

0.0001373291

7.6293945e-05

-0.00039672852

-0.00016784668

-0.00047302246

-0.00010681152

-0.00036621094

0.0

3.0517578e-05

0.00045776367

6.1035156e-05

-0.0002746582

6.1035156e-05

-6.1035156e-05

0.00032043457

-1.5258789e-05

0.0005187988

-7.6293945e-05

-1.5258789e-05

-9.1552734e-05

0.00012207031

0.0002746582

0.00024414062

0.0001373291

0.00016784668

0.0002746582

0.00015258789

0.00018310547

-0.00016784668

-0.0002746582

-0.0001373291

-0.0001373291

-0.000289917

4.5776367e-05

0.0001373291

0.00019836426

0.0005187988

4.5776367e-05

0.00022888184

7.6293945e-05

-9.1552734e-05

-3.0517578e-05

-0.00032043457

0.0002746582

-0.00016784668

-0.00039672852

-0.00039672852

0.00024414062

0.00030517578

7.6293945e-05

-6.1035156e-05

0.0004119873

3.0517578e-05

0.00018310547

-1.5258789e-05

-0.00038146973

9.1552734e-05

0.00016784668

0.00019836426

0.00030517578

0.00010681152

-0.0002593994

-3.0517578e-05

-0.00030517578

-0.0004119873

-0.0001373291

-0.00024414062

-0.0004119873

0.00035095215

0.0005340576

0.0

-0.00015258789

0.00033569336

-3.0517578e-05

-0.00033569336

1.5258789e-05

0.00039672852

6.1035156e-05

-3.0517578e-05

0.0005645752

0.00048828125

0.0001373291

-0.00044250488

3.0517578e-05

0.0

0.0001373291

-9.1552734e-05

0.0004272461

-0.000579834

0.00035095215

0.00012207031

0.00019836426

0.0005645752

-7.6293945e-05

0.00019836426

1.5258789e-05

-6.1035156e-05

0.00045776367

-0.00044250488

-0.0002746582

0.00033569336

1.5258789e-05

-0.00010681152

-0.00030517578

4.5776367e-05

-7.6293945e-05

-0.00015258789

-0.00021362305

0.0002746582

9.1552734e-05

0.0004272461

-6.1035156e-05

0.00012207031

0.00032043457

0.00048828125

-9.1552734e-05

-6.1035156e-05

0.00038146973

-0.0005187988

-0.00012207031

0.00015258789

-0.00012207031

0.0004272461

-0.00016784668

-0.00024414062

-0.00050354004

-9.1552734e-05

4.5776367e-05

0.00032043457

-0.00021362305

0.0006713867

0.00022888184

-0.00039672852

-0.00012207031

-0.00036621094

0.00018310547

-9.1552734e-05

0.00010681152

0.00038146973

0.00019836426

-0.0005950928

9.1552734e-05

-0.00035095215

-0.000289917

-0.00015258789

-0.00045776367

0.00030517578

-0.00033569336

0.00030517578

-7.6293945e-05

0.00044250488

9.1552734e-05

-0.00010681152

-0.00021362305

-1.5258789e-05

3.0517578e-05

0.00032043457

0.0002593994

0.0001373291

0.00044250488

0.00036621094

0.00015258789

0.00022888184

-9.1552734e-05

-3.0517578e-05

-0.0005493164

-0.0005340576

0.00036621094

-7.6293945e-05

7.6293945e-05

0.00021362305

-6.1035156e-05

0.00021362305

0.0004119873

3.0517578e-05

0.00016784668

-0.00032043457

-0.0001373291

0.00024414062

-0.0004119873

-0.00033569336

3.0517578e-05

0.00044250488

0.0002746582

-0.00045776367

-4.5776367e-05

-0.0002593994

0.00010681152

0.00033569336

-0.00010681152

1.5258789e-05

7.6293945e-05

0.00032043457

0.00035095215

0.0004272461

0.00048828125

-0.00021362305

-0.0001373291

9.1552734e-05

0.0005187988

9.1552734e-05

0.0002593994

-0.00015258789

-6.1035156e-05

0.00048828125

-0.00018310547

-0.0004119873

-0.00012207031

-0.00018310547

-0.00039672852

-0.00048828125

-0.00019836426

-0.0001373291

1.5258789e-05

0.0002593994

-0.00038146973

-0.00010681152

0.00032043457

0.00016784668

0.0002593994

6.1035156e-05

1.5258789e-05

0.00019836426

-0.00030517578

-3.0517578e-05

0.00022888184

0.00019836426

-0.00038146973

0.00045776367

0.0002746582

4.5776367e-05

0.0001373291

-6.1035156e-05

-0.00019836426

-0.00019836426

-0.00016784668

-0.00019836426

-0.00012207031

-7.6293945e-05

0.00016784668

0.00016784668

0.0

0.0

-7.6293945e-05

-0.00021362305

-0.00021362305

4.5776367e-05

0.00010681152

6.1035156e-05

-0.00021362305

-0.0005645752

-1.5258789e-05

0.00018310547

-0.00050354004

0.00018310547

0.00016784668

-0.00045776367

-6.1035156e-05

-0.0004119873

-0.00033569336

3.0517578e-05

0.00065612793

-3.0517578e-05

9.1552734e-05

0.0

-0.00035095215

0.0004272461

0.00015258789

0.000579834

-0.00018310547

-0.0005493164

-0.0001373291

-0.00010681152

0.0002746582

0.00033569336

-0.00021362305

6.1035156e-05

0.00035095215

-0.00044250488

-3.0517578e-05

-0.0006866455

0.00044250488

-0.0002746582

-6.1035156e-05

-1.5258789e-05

-0.00030517578

-4.5776367e-05

0.00012207031

6.1035156e-05

7.6293945e-05

-0.00030517578

4.5776367e-05

9.1552734e-05

6.1035156e-05

-0.00018310547

9.1552734e-05

9.1552734e-05

-1.5258789e-05

0.0002593994

0.000289917

0.00024414062

-0.00024414062

0.0

-6.1035156e-05

0.00030517578

0.00012207031

-0.00032043457

0.000579834

0.00022888184

0.00021362305

-0.00015258789

-0.00015258789

4.5776367e-05

-0.00019836426

0.00045776367

-0.00035095215

-0.00015258789

-0.00021362305

3.0517578e-05

-1.5258789e-05

0.00018310547

-7.6293945e-05

0.00019836426

0.00022888184

0.00035095215

-4.5776367e-05

6.1035156e-05

0.00012207031

-0.0002593994

-4.5776367e-05

9.1552734e-05

9.1552734e-05

-0.0005493164

-0.23529053

1.6028748

-0.010726929

-0.012954712

-0.0025024414

-0.0010070801

0.00079345703

0.0022583008

0.001373291

0.0005950928

0.00093078613

0.0007019043

0.0025939941

-0.00038146973

-1.0980225

1.8587646

0.08358765

-0.0053863525

-0.0033721924

0.00032043457

0.00036621094

0.00033569336

0.00036621094

0.00030517578

0.0005340576

0.0004272461

0.0013580322

0.00090026855

0.00010681152

0.39930725

0.50971985

-0.068359375

-0.0048980713

-0.0001373291

0.00036621094

0.0011901855

0.00065612793

-1.5258789e-05

0.0018615723

0.00048828125

0.00018310547

0.0006866455

0.0015716553

0.78578186

0.6508484

-0.16847229

-0.008956909

-0.0019073486

0.00030517578

0.0010681152

0.00022888184

0.0008392334

0.0011138916

-0.00062561035

0.0023956299

0.0017700195

-0.0009765625

0.0014953613

1.0337982

0.028823853

-0.004623413

-0.0042266846

-0.0005950928

0.0016479492

0.0012664795

0.00088500977

-4.5776367e-05

-0.0007171631

0.0016784668

0.0008239746

0.0012512207

0.0008392334

0.7473602

0.3832245

-0.009887695

-0.0066375732

0.00018310547

0.0023498535

0.00048828125

0.0007324219

0.001083374

0.0007171631

0.0005340576

0.0002593994

0.0008239746

0.0022735596

0.9870148

0.1257782

0.0018310547

-0.011428833

-0.00039672852

-0.0012817383

0.00036621094

0.0025482178

-0.00035095215

0.0011138916

0.00064086914

0.0006866455

0.0014190674

-0.00050354004

0.002166748

1.0216522

0.3336792

-0.026916504

-0.0022735596

-0.0012207031

0.0014648438

0.0010070801

0.0016479492

0.0005950928

0.00088500977

0.0011749268

0.001739502

0.00022888184

0.0010681152

2.3616028

-1.3467102

0.049865723

-0.006668091

-0.0009765625

-0.0022735596

0.001663208

0.0019836426

-0.00024414062

0.0002746582

0.0027618408

0.00018310547

0.0004272461

0.00033569336

0.96765137

0.36325073

-0.105895996

-0.037719727

-0.007217407

-0.0012512207

0.0005950928

0.0015258789

0.001663208

0.0017089844

0.0011444092

0.0021209717

3.0517578e-05

0.00048828125

0.0011444092

1.238678

0.09614563

-0.026763916

-0.008010864

-0.0026245117

0.0025482178

0.0015258789

0.0037078857

0.0009918213

0.00035095215

0.0022583008

0.0005645752

0.00022888184

0.00022888184

0.4711914

0.44815063

0.08572388

-0.021194458

-0.003189087

-0.000579834

0.0041046143

0.00024414062

-0.00079345703

0.00015258789

0.003616333

0.0009460449

-0.0010223389

-9.1552734e-05

-0.70207214

1.6804352

-0.15759277

-0.017120361

0.00079345703

-0.0018005371

0.001876831

-0.00039672852

-7.6293945e-05

0.002822876

-0.00044250488

0.00045776367

0.0015258789

-0.0011291504

0.0010375977

1.8345032

-0.92788696

-0.00680542

-0.014602661

0.0011749268

-0.0014953613

0.0031280518

-0.0013580322

0.0019226074

0.0015411377

0.00065612793

0.0017089844

-0.00039672852

0.0022735596

1.4192505

-0.4131775

0.036193848

-0.015335083

-0.007461548

0.0026855469

0.0038452148

-0.0032653809

0.0025787354

0.0033416748

-0.0035247803

0.003768921

0.002609253

-0.00039672852

-4.6276093

5.3378754

0.2531433

-0.019622803

-0.0032043457

-0.0045318604

0.00091552734

0.0021972656

0.0027160645

0.0016479492

-0.0024414062

-0.00039672852

0.0018463135

0.0032806396

0.0004272461

0.38735962

0.27848816

-0.020721436

-0.009262085

0.00050354004

0.0023040771

0.0

-0.0005493164

-0.0015563965

0.0007019043

0.000579834

-0.000289917

0.002380371

0.000579834

-0.4054718

0.9108887

0.014404297

-0.013397217

-0.0031280518

9.1552734e-05

-0.0007324219

0.0017242432

0.0007171631

-0.00047302246

0.0018005371

0.00032043457

0.00091552734

0.0005340576

0.5192108

0.6477051

-0.6752167

-0.0031433105

-0.0042877197

-0.0016479492

0.00016784668

0.0043182373

-0.0010375977

7.6293945e-05

9.1552734e-05

-0.0005950928

0.00088500977

0.0029296875

0.00032043457

-1.4680634

2.0077667

-0.2129364

-0.012710571

-0.0012054443

0.006225586

-0.0017242432

-0.0022125244

0.0029144287

0.0028686523

-0.0010986328

-0.0008087158

0.0056762695

0.0006713867

-1.1025696

1.0276642

0.39135742

-0.043167114

-0.0042877197

0.0023651123

-0.00090026855

0.0038757324

-0.001373291

-0.0015716553

0.007461548

-0.002243042

-0.0023040771

0.008590698

-0.003189087

-0.42294312

0.6315918

-0.057174683

-0.012802124

0.004348755

-0.002609253

0.0065612793

-0.0043640137

0.009841919

-0.0072631836

0.007369995

-0.0018615723

-0.0012054443

0.0028381348

4.0359955

-4.121109

0.0745697

-0.0335083

0.001953125

-0.005264282

0.006591797

-0.003036499

0.0062561035

-4.5776367e-05

0.0012817383

0.0038604736

-0.0044555664

0.008239746

-4.283249

3.8094788

0.19918823

-0.0027160645

0.004425049

-0.009963989

0.006134033

0.0024414062

-0.0018310547

0.0028686523

-0.0035858154

0.004058838

0.0063476562

-0.0076446533

0.0048828125

-2.1329193

1.5736542

0.03691101

-0.01574707

-0.0019073486

0.0029296875

0.0048065186

-0.005584717

0.0060577393

0.0061798096

-0.012893677

0.008987427

0.0032196045

-0.005340576

-0.5687256

0.25642395

-0.4249878

0.007080078

0.0016784668

0.004043579

-0.00289917

-0.0016479492

0.0029907227

0.0028533936

0.002029419

-0.007797241

0.0033111572

0.0025482178

-8.372269

7.046585

0.4537506

-0.020187378

0.0054779053

-0.0054626465

-0.006454468

0.004272461

0.0037384033

-0.00044250488

0.0070495605

-0.0018615723

-0.0048065186

0.00018310547

0.005203247

1.1166229

-2.2166748

-0.10110474

-0.005203247

0.00093078613

0.0011749268

0.002105713

0.0021209717

-7.6293945e-05

0.00079345703

0.005004883

0.00064086914

-0.004196167

-0.0016326904

-3.9151611

2.6451416

-0.009338379

-0.009689331

0.00018310547

-0.0006713867

-0.0007171631

0.003036499

0.0031738281

0.0018463135

0.0036010742

0.0014343262

-0.00035095215

-0.00032043457

-17.300095

14.726532

0.23861694

-0.05305481

-0.006576538

0.002822876

0.0040130615

0.004135132

0.0028076172

0.0012664795

0.0004119873

0.002105713

-0.00032043457

-0.0022735596

-0.0019683838

-4.1661835

1.7338562

-0.056793213

-0.008911133

6.1035156e-05

0.00021362305

-0.0025634766

-0.00091552734

0.003829956

0.0068511963

0.006713867

0.0016326904

-0.0036773682

-0.0018463135

-10.073639

6.0750275

0.44207764

0.013137817

-0.005508423

-0.008865356

0.0032958984

-0.0009765625

-0.001953125

-0.0045776367

0.009262085

0.012252808

-0.004501343

-0.0038604736

2.8143005

-4.637146

-1.7408142

0.02456665

-0.0023345947

-0.0072021484

0.015396118

0.0012359619

-0.0030975342

-0.0022277832

-0.002609253

0.0010070801

0.013961792

-0.0054779053

-0.0025939941

-3.3357697

0.11329651

0.009521484

0.015838623

-0.007797241

-0.0012664795

-0.006011963

0.011871338

-0.0010986328

-0.0011901855

-0.0012207031

-0.0018615723

0.015151978

-0.0069274902

-16.643433

11.549423

-0.92915344

0.03541565

-0.0110321045

0.024917603

-0.0096588135

-0.0068511963

-0.0040893555

0.022583008

-0.008758545

-0.0061798096

0.008026123

0.00340271

-0.0011138916

-7.522049

0.9472656

0.10185242

-0.0028533936

-0.0049438477

-0.012283325

0.025634766

-0.009780884

-0.008453369

0.024642944

-0.010131836

-0.006088257

0.012893677

-0.005844116

3.259842

-3.3412018

0.09074402

-0.02772522

0.0017547607

-0.005203247

0.0043792725

-0.0027160645

0.005065918

-0.002243042

0.0034179688

0.0040130615

-0.0018463135

0.0038146973

-3.927536

3.8829803

-0.16656494

0.021820068

0.0014343262

-0.0064086914

0.0022583008

0.0010528564

-0.00088500977

0.0052337646

-0.0058135986

0.0043182373

0.0027923584

-0.0032653809

0.005065918

-1.3291016

0.8096924

0.02734375

-0.01701355

0.0010986328

0.0023956299

0.0025634766

-0.0046844482

0.00541687

0.0049743652

-0.0095825195

0.0057678223

0.005554199

-0.0053100586

-2.000061

1.7523651

-0.48143005

0.013473511

0.0024871826

0.005432129

-0.0070648193

-0.0010681152

0.0030517578

0.0036010742

0.0042877197

-0.009857178

0.0058898926

0.0038146973

-9.30722

8.326019

0.054855347

-0.017471313

0.005783081

-0.0065307617

-0.0040893555

0.004989624

0.0012969971

0.001953125

0.007522583

-0.0034179688

-0.006134033

0.0025787354

0.004486084

1.1512146

-2.6575623

-0.09638977

0.003829956

0.002243042

0.0017089844

0.0012207031

0.003189087

0.00062561035

0.0037841797

0.004272461

-0.0015411377

-0.0074157715

-0.00074768066

-3.0253448

1.2453461

-0.043777466

-0.006866455

-0.00077819824

-0.0025787354

0.0014190674

0.0030517578

0.0028533936

0.003921509

0.0028533936

0.00021362305

0.0008087158

-0.0014190674

-20.444046

17.143997

0.76242065

-0.0052948

-0.005432129

0.00077819824

0.0032043457

0.0029907227

0.0032653809

0.0025482178

0.0006713867

0.00093078613

0.0015716553

0.00035095215

-0.001373291

-4.4183655

1.4929199

-0.0526886

-0.008880615

0.00088500977

-0.0012664795

-0.0028533936

-0.0025482178

0.004425049

0.009414673

0.007171631

0.0021972656

-0.0045928955

0.00032043457

-7.6817627

4.009384

0.3907776

0.030075073

-0.0016021729

-0.009124756

0.003829956

-0.0015563965

-0.0005950928

-0.0041503906

0.0054016113

0.012390137

-0.0009613037

-0.0041503906

2.5083466

-3.9085083

-2.536728

0.063568115

-0.00793457

-0.007171631

0.016571045

0.0053100586

-0.0048675537

-0.003112793

-0.0028381348

3.0517578e-05

0.020477295

-0.008651733

-0.0012969971

-5.260086

0.56217957

0.06767273

0.029754639

-0.010467529

-0.0014038086

-0.0074768066

0.014312744

-0.0009918213

-0.0021972656

-0.0040893555

0.00076293945

0.017852783

-0.00881958

-11.401154

7.1274414

-0.44865417

0.011932373

-0.005279541

0.017791748

-0.0074310303

-0.003967285

-0.0046844482

0.018341064

-0.0063171387

-0.006225586

0.0047302246

0.005065918

-0.003479004

-7.9031525

1.6816559

0.04168701

0.0073242188

-0.010910034

-0.010253906

0.028549194

-0.011138916

-0.01008606

0.026763916

-0.010406494

-0.007736206

0.011672974

-0.004257202

-7.357361

1.0581818

-0.067718506

0.005493164

0.0013580322

0.00024414062

-0.0008239746

0.007537842

-7.6293945e-05

-0.0059661865

0.0149383545

-0.006866455

-0.00894165

0.020828247

-10.382553

6.2861176

-0.35960388

-0.003036499

0.0007324219

-0.006286621

0.0135650635

-0.009552002

-0.005844116

0.008255005

-0.002166748

0.008758545

-0.003540039

-0.007827759

0.013320923

-6.119034

0.1274414

0.14849854

0.0070343018

0.013595581

-0.011047363

0.0008544922

0.0035552979

-0.008758545

0.013290405

-0.0059814453

0.012268066

-0.010360718

-0.0032958984

-12.001373

2.7177124

-0.76683044

0.011550903

-0.008682251

-0.003982544

0.008224487

-0.019104004

0.014724731

-0.00579834

0.022277832

-0.014083862

0.02130127

-0.01828003

-28.474503

19.000595

-0.09361267

0.10316467

-0.0028381348

0.0068969727

-0.0052490234

0.013916016

-0.010025024

0.018234253

-0.012207031

0.016555786

-0.01449585

0.018676758

-0.015838623

-14.480667

1.6162872

-0.4636078

0.024551392

-0.023025513

0.026275635

-0.028793335

0.027511597

-0.022399902

0.023254395

-0.020446777

0.020431519

-0.019744873

0.019302368

-17.754929

6.7624664

0.5974426

0.059661865

-0.01473999

0.0129852295

-0.0026855469

-0.0024261475

0.019088745

-0.013061523

0.016937256

-0.01826477

0.01473999

-0.019348145

-5.6807556

-6.406204

0.73446655

-0.17695618

0.024398804

-0.021652222

0.009063721

-0.014572144

0.021438599

0.0023956299

-0.0027923584

0.015380859

-0.019439697

0.0042266846

-0.016113281

-9.867508

1.7923737

0.05895996

0.032089233

0.003753662

-0.0040130615

0.010559082

-0.016967773

0.011642456

-0.0042877197

0.0013427734

0.012573242

-0.016326904

0.0054016113

-25.962845

8.884216

0.587265

-0.11206055

0.017059326

-0.023651123

0.027282715

0.026489258

-0.03161621

0.01083374

-0.006454468

0.0058898926

0.021026611

-0.034576416

8.745422

-27.112701

0.06793213

-0.05307007

0.058410645

0.030578613

-0.04345703

0.022445679

0.009521484

-0.016845703

0.00021362305

-0.00047302246

0.0099487305

0.019073486

-0.043899536

-12.591309

3.1031647

0.10267639

-0.02684021

0.006652832

-0.0010986328

-0.0040893555

0.0018005371

-0.00088500977

-0.0018463135

0.0022888184

0.00048828125

0.0038146973

0.0041656494

-38.48639

19.826355

1.0656586

-0.034057617

0.03843689

0.016403198

-0.029342651

0.020568848

0.0033874512

-0.012741089

0.008560181

-0.0018463135

-0.00093078613

-9.1552734e-05

0.8792877

-16.850128

0.6241455

0.083740234

-0.039215088

0.021118164

0.01979065

-0.0390625

0.011138916

0.023925781

-0.02772522

0.012542725

-0.005065918

0.005355835

0.0023345947

-32.818985

7.239441

0.7766876

-0.004257202

0.008117676

0.023864746

0.019515991

-0.04711914

0.031951904

0.021102905

-0.059005737

0.033691406

-0.0051727295

0.019515991

-26.27388

4.6715546

1.593277

0.10498047

-0.040985107

0.012069702

0.017471313

-0.010513306

0.003768921

0.007080078

0.021240234

-0.05319214

0.027893066

0.007598877

0.02078247

-26.887772

4.356598

0.23535156

0.0034484863

0.012893677

0.007659912

0.020935059

-0.033981323

0.0062408447

0.009292603

0.027053833

-0.05870056

0.020568848

0.021026611

-29.904572

10.626297

0.15267944

0.08052063

-0.05645752

0.033416748

0.015365601

0.023147583

-0.06237793

0.021392822

0.017486572

0.020996094

-0.044769287

0.01335144

2.6633148

-26.99228

0.34405518

0.1435852

0.014968872

-0.019805908

0.018478394

1.5258789e-05

0.043045044

-0.076812744

0.034088135

0.01878357

0.023544312

-0.038711548

0.009887695

-17.794754

2.832718

0.114364624

0.04510498

-0.026229858

0.010025024

0.0036773682

-0.0036010742

0.0181427

-0.03640747

0.016357422

0.008605957

0.014923096

-0.022369385

-51.035843

20.662186

0.6284485

0.10839844

0.05960083

-0.0826416

0.035232544

0.028900146

0.022979736

-0.0071411133

-0.054031372

0.02670288

0.014907837

0.03492737

17.09645

-49.48535

4.264145

0.24482727

0.049545288

-0.035842896

-0.013214111

0.035980225

0.0016479492

0.032287598

-0.030792236

-0.0370636

0.019378662

0.019500732

0.021896362

0.00793457

-0.0012359619

-0.00032043457

0.00016784668

0.0004272461

0.00032043457

0.00018310547

-0.00039672852

4.5776367e-05

0.00012207031

0.00018310547

3.0517578e-05

-7.6293945e-05

1.5258789e-05

-0.00012207031

-1.5258789e-05

1.5258789e-05

0.00015258789

-9.1552734e-05

-1.5258789e-05

0.00036621094

0.00015258789

4.5776367e-05

0.00010681152

-0.00012207031

-0.0004272461

0.00015258789

-0.00024414062

0.0004119873

-0.00048828125

-0.00016784668

0.00012207031

-0.0002746582

0.0001373291

9.1552734e-05

-7.6293945e-05

-0.00016784668

1.5258789e-05

0.00012207031

-0.00012207031

0.0002746582

0.00010681152

-9.1552734e-05

-0.00021362305

-3.0517578e-05

-0.00015258789

-0.00010681152

-0.00012207031

0.00019836426

0.00030517578

3.0517578e-05

9.1552734e-05

-0.00032043457

1.5258789e-05

-0.00022888184

0.00038146973

4.5776367e-05

0.00044250488

-0.00010681152

-3.0517578e-05

0.0

0.0004272461

9.1552734e-05

-4.5776367e-05

-0.00012207031

7.6293945e-05

0.0

0.00048828125

-0.0002593994

6.1035156e-05

-0.00039672852

4.5776367e-05

-0.000289917

-0.00021362305

-4.5776367e-05

1.5258789e-05

0.00012207031

0.0002593994

-0.00018310547

0.0008087158

-0.00024414062

0.00021362305

-1.5258789e-05

-3.0517578e-05

-0.00024414062

0.00035095215

4.5776367e-05

-0.0001373291

4.5776367e-05

3.0517578e-05

-3.0517578e-05

-9.1552734e-05

4.5776367e-05

-7.6293945e-05

0.00010681152

0.00010681152

-0.00018310547

-0.00016784668

0.00016784668

4.5776367e-05

0.00015258789

-0.00044250488

1.5258789e-05

9.1552734e-05

0.00018310547

-1.5258789e-05

-9.1552734e-05

-0.0005493164

4.5776367e-05

0.000289917

6.1035156e-05

0.00012207031

-0.00045776367

0.00012207031

0.0

0.00047302246

3.0517578e-05

0.00030517578

0.00033569336

-0.00015258789

0.00035095215

-4.5776367e-05

0.00015258789

-0.00019836426

0.000289917

-0.0001373291

-4.5776367e-05

0.0002746582

-7.6293945e-05

9.1552734e-05

-0.00012207031

-0.0001373291

0.00012207031

0.00064086914

0.00062561035

7.6293945e-05

-0.00024414062

6.1035156e-05

0.0007019043

0.0001373291

-0.00030517578

-0.00021362305

0.00019836426

-0.00035095215

0.00010681152

-0.000289917

0.00012207031

0.00016784668

-0.0001373291

7.6293945e-05

0.00012207031

3.0517578e-05

-3.0517578e-05

0.00030517578

9.1552734e-05

0.00036621094

-4.5776367e-05

6.1035156e-05

-0.00024414062

-0.00016784668

0.00039672852

1.5258789e-05

6.1035156e-05

-0.00012207031

-0.000289917

0.00012207031

0.0002593994

1.5258789e-05

-7.6293945e-05

1.5258789e-05

0.00016784668

0.0005645752

-0.00010681152

0.00022888184

-0.0004119873

0.00010681152

1.5258789e-05

-0.00016784668

0.0004119873

0.00061035156

0.000289917

0.0001373291

0.00010681152

0.0002593994

-0.00024414062

-0.0002746582

0.0

0.0

-0.00033569336

4.5776367e-05

-0.00010681152

3.0517578e-05

-0.00039672852

0.0002593994

-4.5776367e-05

-0.00044250488

-0.00024414062

-6.1035156e-05

0.00022888184

0.0

-0.0005493164

-0.00038146973

-0.00022888184

-0.00021362305

-0.00032043457

-0.0002593994

-0.00012207031

-0.00010681152

-1.5258789e-05

0.00015258789

-0.00045776367

0.00012207031

-4.5776367e-05

4.5776367e-05

0.00015258789

9.1552734e-05

0.0001373291

-0.0001373291

-0.00038146973

-4.5776367e-05

-6.1035156e-05

-6.1035156e-05

-4.5776367e-05

9.1552734e-05

0.0

-0.0004119873

-9.1552734e-05

-0.00030517578

-0.00019836426

-0.00021362305

-7.6293945e-05

0.00048828125

-0.000289917

0.0002746582

-0.0002593994

0.00038146973

0.00035095215

-0.00036621094

-0.00022888184

-9.1552734e-05

-0.00016784668

-0.0001373291

-0.0001373291

0.00010681152

6.1035156e-05

-0.00010681152

-4.5776367e-05

0.0002593994

-0.00010681152

4.5776367e-05

-0.00039672852

-0.0002593994

-6.1035156e-05

-0.00016784668

0.00016784668

-0.00021362305

-0.00061035156

0.00012207031

-0.00010681152

-0.00024414062

-0.00019836426

-0.00018310547

-0.00016784668

-0.00033569336

-0.00018310547

0.00015258789

-0.000579834

0.000289917

4.5776367e-05

0.00015258789

0.00035095215

0.00021362305

-0.00010681152

0.00019836426

-0.00010681152

4.5776367e-05

-7.6293945e-05

-0.0005340576

-0.00018310547

-4.5776367e-05

0.0006713867

-4.5776367e-05

0.000289917

-0.00019836426

0.0004119873

1.5258789e-05

0.00035095215

-0.00018310547

0.0002593994

0.0002593994

-0.00015258789

-0.00016784668

-6.1035156e-05

0.00018310547

0.0004119873

0.0002746582

-0.00024414062

-0.00015258789

0.00021362305

-0.00024414062

0.00024414062

6.1035156e-05

-6.1035156e-05

0.00018310547

-0.00022888184

-0.0004272461

0.00045776367

-0.00019836426

0.00010681152

-9.1552734e-05

-0.0002593994

0.000289917

0.0004119873

0.0002746582

0.00018310547

4.5776367e-05

0.00032043457

0.00018310547

0.0005340576

0.00015258789

0.0002593994

-0.00019836426

0.0002746582

0.00019836426

0.00038146973

-0.000289917

-0.00039672852

0.00015258789

-4.5776367e-05

-0.0004119873

-7.6293945e-05

-0.0002746582

-0.00038146973

0.00021362305

9.1552734e-05

0.00045776367

3.0517578e-05

-7.6293945e-05

0.00016784668

1.5258789e-05

0.00035095215

-0.0004272461

-0.0002746582

0.00010681152

0.00019836426

-9.1552734e-05

-0.0002593994

-0.0001373291

0.0002593994

0.00038146973

0.00033569336

7.6293945e-05

0.00018310547

0.00016784668

3.0517578e-05

0.00036621094

0.00022888184

-0.00021362305

6.1035156e-05

-0.00018310547

-4.5776367e-05

0.00010681152

0.00036621094

0.00010681152

-4.5776367e-05

-4.5776367e-05

4.5776367e-05

-0.00022888184

-0.00015258789

0.0002593994

4.5776367e-05

0.0002746582

0.00077819824

-6.1035156e-05

-0.0004272461

3.0517578e-05

0.0002593994

0.0005340576

-1.5258789e-05

0.0002593994

0.000579834

0.00036621094

-0.00061035156

-4.5776367e-05

0.00038146973

-4.5776367e-05

-0.0004119873

0.00012207031

-0.00032043457

0.00015258789

-7.6293945e-05

-0.0001373291

-4.5776367e-05

-0.0002593994

7.6293945e-05

-4.5776367e-05

0.00033569336

-0.00016784668

0.0

6.1035156e-05

-0.00012207031

0.00018310547

-0.00022888184

-0.00018310547

0.00016784668

0.00050354004

0.00012207031

0.0004119873

-0.00030517578

4.5776367e-05

3.0517578e-05

-0.00015258789

-1.5258789e-05

-0.00022888184

9.1552734e-05

7.6293945e-05

-0.0001373291

1.5258789e-05

4.5776367e-05

-7.6293945e-05

-7.6293945e-05

0.00033569336

-0.00047302246

-0.00024414062

0.00024414062

0.00022888184

-6.1035156e-05

0.00033569336

0.00018310547

-0.00012207031

-0.00015258789

0.00016784668

-0.00019836426

-0.0001373291

-0.00012207031

4.5776367e-05

-0.0004119873

-0.00044250488

0.00015258789

-0.00010681152

0.0

9.1552734e-05

-0.00018310547

-0.0002593994

4.5776367e-05

7.6293945e-05

-0.00018310547

-0.00032043457

0.00039672852

-4.5776367e-05

0.00024414062

-0.00036621094

0.00010681152

-0.00045776367

0.00019836426

-0.00050354004

9.1552734e-05

-0.00019836426

0.00016784668

-9.1552734e-05

-6.1035156e-05

-0.00022888184

4.5776367e-05

-0.00010681152

-0.00010681152

-0.00018310547

0.00050354004

-0.0004272461

-0.0002593994

0.0001373291

0.00019836426

-0.00038146973

-0.00012207031

-0.0005645752

-9.1552734e-05

-0.00021362305

-0.00015258789

-0.00039672852

0.00035095215

0.00021362305

-0.00022888184

-0.00019836426

-0.0004119873

-0.0001373291

0.0002593994

-3.0517578e-05

-9.1552734e-05

0.00033569336

0.000289917

1.5258789e-05

-0.00016784668

0.00015258789

0.00010681152

0.00015258789

7.6293945e-05

0.00033569336

0.00048828125

-7.6293945e-05

-6.1035156e-05

-7.6293945e-05

-6.1035156e-05

0.00016784668

4.5776367e-05

-1.5258789e-05

-0.00018310547

-0.0002593994

-0.00030517578

0.00016784668

-0.0002746582

0.00024414062

-7.6293945e-05

0.0005340576

0.00019836426

0.0001373291

-0.00021362305

-9.1552734e-05

-0.00044250488

-1.5258789e-05

0.0001373291

3.0517578e-05

1.5258789e-05

-0.00015258789

0.00012207031

-0.00035095215

-0.00033569336

0.00012207031

-0.00024414062

7.6293945e-05

0.00012207031

-0.0001373291

0.0005187988

0.000289917

-0.00016784668

3.0517578e-05

4.5776367e-05

-1.5258789e-05

-0.00016784668

0.00022888184

-6.1035156e-05

0.00064086914

-0.0005950928

-7.6293945e-05

-0.00018310547

-7.6293945e-05

0.0005493164

7.6293945e-05

-7.6293945e-05

-0.0002593994

9.1552734e-05

-0.00038146973

0.0002746582

0.0002746582

-0.0004119873

-0.0007019043

0.0002593994

0.00033569336

-0.00019836426

-0.0004119873

4.5776367e-05

0.00018310547

0.00012207031

4.5776367e-05

-0.00016784668

1.5258789e-05

7.6293945e-05

3.0517578e-05

-9.1552734e-05

-0.0002593994

3.0517578e-05

0.00048828125

-0.00012207031

0.00022888184

-0.0001373291

-0.0004272461

0.00022888184

0.0001373291

0.0001373291

0.00021362305

4.5776367e-05

-3.0517578e-05

-0.00015258789

-7.6293945e-05

-0.00050354004

0.00016784668

0.00010681152

-0.00010681152

-7.6293945e-05

1.5258789e-05

0.00018310547

-7.6293945e-05

-0.0001373291

-0.00018310547

0.00018310547

-0.00021362305

9.1552734e-05

-0.00019836426

7.6293945e-05

0.0004272461

-1.5258789e-05

-0.00021362305

-0.0004119873

-1.5258789e-05

0.0002593994

-0.00039672852

-6.1035156e-05

-9.1552734e-05

0.00021362305

-0.0001373291

-0.00030517578

0.00022888184

0.00018310547

-0.00030517578

0.00022888184

0.00021362305

-1.5258789e-05

0.0002746582

-0.00033569336

-6.1035156e-05

0.00010681152

7.6293945e-05

0.0001373291

-0.00022888184

6.1035156e-05

0.0

0.00012207031

-0.00016784668

-0.00032043457

0.00018310547

0.0002746582

-0.00019836426

-7.6293945e-05

-0.00012207031

4.5776367e-05

-0.00019836426

-0.00022888184

0.00019836426

-0.00021362305

-9.1552734e-05

0.00019836426

0.00010681152

4.5776367e-05

0.00039672852

-1.5258789e-05

0.0002593994

3.0517578e-05

-0.00047302246

0.0001373291

-0.00016784668

-0.00024414062

0.00050354004

-0.00022888184

0.000579834

-0.00019836426

-6.1035156e-05

-0.00061035156

0.0002593994

0.00016784668

-4.5776367e-05

4.5776367e-05

-0.0001373291

-0.00012207031

-4.5776367e-05

-6.1035156e-05

-0.0002746582

0.00021362305

-0.000289917

0.0001373291

-0.00015258789

-1.5258789e-05

-0.0002593994

0.00015258789

-3.0517578e-05

3.0517578e-05

-0.00010681152

0.0001373291

-0.00035095215

-3.0517578e-05

-0.0002593994

0.00035095215

-0.0002593994

0.00021362305

-6.1035156e-05

0.00022888184

3.0517578e-05

-9.1552734e-05

0.00038146973

0.000289917

0.0004119873

-0.00024414062

0.0002593994

0.00019836426

-7.6293945e-05

0.0

-9.1552734e-05

-0.00038146973

-9.1552734e-05

-1.5258789e-05

-0.00015258789

0.00035095215

-0.00024414062

0.00016784668

0.00019836426

3.0517578e-05

-0.00036621094

0.00021362305

-0.00012207031

-6.1035156e-05

0.00050354004

0.000289917

-0.00018310547

-0.0001373291

0.00035095215

-1.5258789e-05

-3.0517578e-05

-0.00010681152

-7.6293945e-05

0.00012207031

0.00021362305

-0.00019836426

0.0004272461

-0.00036621094

0.00015258789

-7.6293945e-05

1.5258789e-05

-0.00016784668

-6.1035156e-05

4.5776367e-05

6.1035156e-05

-0.00019836426

-0.00038146973

-0.00035095215

0.0

0.00024414062

0.00024414062

-0.00022888184

0.00021362305

-0.00019836426

9.1552734e-05

-0.00012207031

0.00012207031

-0.0002746582

0.00022888184

-0.0002746582

-7.6293945e-05

0.00012207031

0.00033569336

0.00012207031

-6.1035156e-05

-0.00024414062

-0.00019836426

7.6293945e-05

-0.00010681152

-0.00016784668

-0.00050354004

-0.0002593994

-0.00033569336

-0.00048828125

7.6293945e-05

-9.1552734e-05

4.5776367e-05

-0.00012207031

-6.1035156e-05

-3.0517578e-05

0.0002593994

-3.0517578e-05

-9.1552734e-05

1.5258789e-05

-0.00018310547

0.0

4.5776367e-05

0.00012207031

-0.00035095215

0.00036621094

0.00021362305

-0.00018310547

-0.00015258789

0.00012207031

-0.00022888184

0.0

-1.5258789e-05

0.00038146973

-0.0002593994

0.0

-0.00047302246

1.5258789e-05

0.00024414062

-0.00015258789

-1.5258789e-05

0.00047302246

4.5776367e-05

0.00010681152

-0.00019836426

-0.00033569336

-4.5776367e-05

0.00016784668

-0.00018310547

-0.00032043457

0.00022888184

-0.00036621094

0.00022888184

-0.00018310547

-0.00024414062

0.00010681152

0.0002593994

4.5776367e-05

9.1552734e-05

7.6293945e-05

-9.1552734e-05

9.1552734e-05

0.00019836426

0.00022888184

1.5258789e-05

0.0

0.0005187988

3.0517578e-05

0.00030517578

-0.00048828125

0.00018310547

7.6293945e-05

0.0002746582

-0.00022888184

0.00019836426

0.00033569336

7.6293945e-05

-0.00022888184

-0.00035095215

-0.00019836426

-0.00024414062

-0.000579834

-0.00035095215

3.0517578e-05

-3.0517578e-05

1.5258789e-05

0.00021362305

-0.00016784668

-0.0002593994

-0.00024414062

-0.00018310547

-7.6293945e-05

6.1035156e-05

0.00022888184

0.0

-0.00022888184

0.0005493164

0.00010681152

-0.00077819824

7.6293945e-05

0.0

-4.5776367e-05

-0.000289917

0.00021362305

0.00018310547

-9.1552734e-05

-1.5258789e-05

-0.0005340576

-0.00033569336

-0.00016784668

0.00022888184

7.6293945e-05

-0.00010681152

-1.5258789e-05

-0.00018310547

-9.1552734e-05

0.00010681152

0.000289917

-0.00035095215

9.1552734e-05

-0.00022888184

-0.0001373291

-0.00018310547

0.00022888184

-0.0001373291

0.00039672852

0.00021362305

0.00030517578

-0.00021362305

-1.5258789e-05

-9.1552734e-05

-0.00030517578

-7.6293945e-05

0.0002746582

-0.0005645752

-6.1035156e-05

0.00015258789

-0.00024414062

0.00022888184

0.00045776367

9.1552734e-05

-3.0517578e-05

0.00012207031

0.00015258789

-0.00022888184

0.000289917

9.1552734e-05

-3.0517578e-05

0.00030517578

0.00024414062

0.0001373291

0.00012207031

-0.00012207031

4.5776367e-05

-0.000289917

-0.00016784668

0.00019836426

0.0002593994

0.00047302246

-3.0517578e-05

-9.1552734e-05

-4.5776367e-05

-0.0001373291

-4.5776367e-05

0.00030517578

-6.1035156e-05

-4.5776367e-05

0.0001373291

4.5776367e-05

-3.0517578e-05

-9.1552734e-05

-0.00016784668

-6.1035156e-05

0.00015258789

-3.0517578e-05

-1.5258789e-05

-0.00021362305

1.5258789e-05

0.0004119873

-0.00022888184

0.00012207031

0.00010681152

0.00016784668

7.6293945e-05

-0.00033569336

0.00024414062

-1.5258789e-05

0.00024414062

0.00061035156

-6.1035156e-05

-0.0005187988

-3.0517578e-05

-0.00047302246

-0.00012207031

-0.00033569336

-4.5776367e-05

9.1552734e-05

0.00010681152

-0.00021362305

0.0005340576

0.0001373291

0.0002593994

-0.00050354004

0.00035095215

-4.5776367e-05

-0.00010681152

-4.5776367e-05

4.5776367e-05

0.00044250488

0.00016784668

-0.00021362305

0.00018310547

0.000289917

3.0517578e-05

-0.00024414062

-0.0002593994

0.0001373291

-0.00021362305

-0.00012207031

0.00010681152

-0.00018310547

-3.0517578e-05

0.0005950928

-4.5776367e-05

-6.1035156e-05

6.1035156e-05

0.00022888184

3.0517578e-05

-7.6293945e-05

0.00035095215

0.00015258789

-0.00021362305

0.00018310547

-6.1035156e-05

-0.00022888184

0.00015258789

0.0001373291

0.00019836426

0.00032043457

0.00015258789

-0.00010681152

-6.1035156e-05

-0.00015258789

7.6293945e-05

-0.00024414062

9.1552734e-05

0.00033569336

-0.00032043457

0.00012207031

0.000289917

0.00018310547

0.00021362305

-0.00018310547

0.00019836426

6.1035156e-05

-0.00015258789

0.000289917

-0.00036621094

-6.1035156e-05

0.00015258789

-0.00012207031

-0.00022888184

0.00024414062

-0.0001373291

0.00010681152

0.0005340576

-0.0002593994

-0.00047302246

-0.0001373291

3.0517578e-05

0.00018310547

0.00015258789

0.0

-3.0517578e-05

-0.0002593994

-6.1035156e-05

-7.6293945e-05

9.1552734e-05

0.0004272461

-0.00018310547

3.0517578e-05

0.00045776367

-0.00022888184

0.00033569336

1.5258789e-05

-3.0517578e-05

-0.00044250488

-7.6293945e-05

0.00019836426

0.000289917

0.0001373291

-0.00021362305

0.00010681152

-0.00035095215

0.00033569336

0.000289917

-0.0001373291

0.0004272461

-0.00030517578

0.0

9.1552734e-05

-0.00030517578

0.00022888184

-1.5258789e-05

-9.1552734e-05

0.000579834

0.00019836426

0.0002746582

-6.1035156e-05

-6.1035156e-05

-0.00018310547

0.00012207031

-3.0517578e-05

0.0

-0.00016784668

4.5776367e-05

1.5258789e-05

0.00018310547

-4.5776367e-05

1.5258789e-05

-0.00036621094

3.0517578e-05

-0.00032043457

0.0005340576

-0.00018310547

0.0001373291

-0.0001373291

3.0517578e-05

-0.0002746582

-0.00022888184

-0.00010681152

-0.00032043457

0.0002746582

-0.00039672852

0.0002746582

-6.1035156e-05

-0.00019836426

-0.00015258789

-0.0001373291

-0.0004119873

-0.00030517578

-3.0517578e-05

4.5776367e-05

-4.5776367e-05

0.00030517578

0.00015258789

0.00019836426

1.5258789e-05

-0.000289917

4.5776367e-05

0.00016784668

0.00016784668

6.1035156e-05

0.0001373291

0.00033569336

7.6293945e-05

-0.00012207031

-0.0001373291

-6.1035156e-05

-9.1552734e-05

0.00019836426

-4.5776367e-05

-0.00030517578

-0.00022888184

0.00012207031

3.0517578e-05

-1.5258789e-05

0.00033569336

-0.00033569336

-0.00050354004

0.00030517578

-0.00010681152

0.00022888184

4.5776367e-05

-0.00018310547

7.6293945e-05

-3.0517578e-05

0.00012207031

-0.00039672852

-0.00010681152

0.00018310547

-1.5258789e-05

-7.6293945e-05

0.0001373291

-0.0002746582

-0.00012207031

0.0002746582

-0.00021362305

0.0001373291

-0.00012207031

-0.00010681152

0.00036621094

-0.00024414062

1.5258789e-05

-0.00015258789

0.0002746582

-0.00021362305

-0.0005645752

0.00015258789

0.000289917

6.1035156e-05

0.00030517578

-6.1035156e-05

-0.0006866455

-4.5776367e-05

-0.00036621094

-7.6293945e-05

0.00035095215

0.000289917

-9.1552734e-05

0.0002746582

0.0004119873

1.5258789e-05

0.0004119873

-0.0005645752

0.00050354004

0.00012207031

-0.000289917

3.0517578e-05

-0.00022888184

-0.00016784668

7.6293945e-05

-0.00016784668

-6.1035156e-05

6.1035156e-05

-9.1552734e-05

-0.00036621094

-0.0002593994

9.1552734e-05

7.6293945e-05

-0.0001373291

0.00036621094

-0.0002593994

-0.0005340576

-3.0517578e-05

-0.00016784668

7.6293945e-05

0.00036621094

-3.0517578e-05

0.00039672852

0.00018310547

0.0001373291

0.00030517578

0.00047302246

1.5258789e-05

-6.1035156e-05

0.00024414062

-0.00018310547

3.0517578e-05

-0.00010681152

-1.5258789e-05

-0.00039672852

-7.6293945e-05

-0.00030517578

-0.00018310547

0.00022888184

9.1552734e-05

0.0004119873

-0.00012207031

0.00015258789

0.00012207031

-0.0002593994

-4.5776367e-05

-3.0517578e-05

-6.1035156e-05

-9.1552734e-05

-0.00050354004

-0.00015258789

0.0002746582

-0.0007019043

0.00036621094

-0.00021362305

-0.0005645752

-3.0517578e-05

-0.00030517578

0.0002593994

0.0002746582

0.0001373291

0.00022888184

-4.5776367e-05

0.0001373291

-9.1552734e-05

-1.5258789e-05

-1.5258789e-05

-0.0001373291

0.00032043457

-9.1552734e-05

3.0517578e-05

-0.0004119873

-0.00036621094

0.00012207031

0.00047302246

0.0001373291

0.00024414062

4.5776367e-05

-0.0002746582

0.00016784668

0.0

-0.00038146973

-0.00038146973

0.0002593994

0.00010681152

-6.1035156e-05

0.00015258789

-0.00038146973

0.0001373291

0.00012207031

0.000289917

0.00010681152

-0.00021362305

-0.0001373291

-0.00024414062

-9.1552734e-05

1.5258789e-05

-0.00021362305

0.00012207031

0.0002593994

0.0

0.00015258789

-0.00021362305

-0.00016784668

-9.1552734e-05

-0.00036621094

-0.0002593994

0.00038146973

0.00033569336

-0.00030517578

-0.00018310547

1.5258789e-05

4.5776367e-05

0.00044250488

0.0004119873

-0.0005493164

-1.5258789e-05

0.00024414062

0.00015258789

0.00021362305

-0.000289917

-0.00018310547

0.0001373291

-0.00038146973

-0.0002593994

0.0

-7.6293945e-05

0.00044250488

-0.00012207031

-6.1035156e-05

0.000289917

0.00019836426

0.0001373291

-0.00047302246

-3.0517578e-05

0.0001373291

-0.0005340576

-0.00010681152

-7.6293945e-05

-0.00012207031

4.5776367e-05

0.00018310547

7.6293945e-05

3.0517578e-05

-0.00035095215

0.00019836426

-6.1035156e-05

-0.00030517578

3.0517578e-05

6.1035156e-05

-0.0002593994

-0.00061035156

-0.0002593994

0.00012207031

6.1035156e-05

0.00044250488

-7.6293945e-05

-0.0001373291

0.00015258789

-0.00010681152

-0.00033569336

-0.00010681152

-0.0002746582

0.00010681152

-7.6293945e-05

-7.6293945e-05

6.1035156e-05

-0.00024414062

0.0001373291

0.00010681152

6.1035156e-05

-7.6293945e-05

0.00032043457

0.00035095215

-0.00021362305

0.0001373291

0.0005187988

-0.00033569336

1.5258789e-05

-0.00019836426

9.1552734e-05

-0.00018310547

0.0002746582

0.00030517578

-3.0517578e-05

0.00022888184

-0.00015258789

0.00030517578

0.00019836426

0.00038146973

7.6293945e-05

-0.00024414062

-0.00033569336

0.0002746582

0.00015258789

0.00021362305

0.0

0.00015258789

0.00045776367

-9.1552734e-05

0.00024414062

9.1552734e-05

-0.00019836426

0.00016784668

9.1552734e-05

0.00022888184

9.1552734e-05

-1.5258789e-05

-0.00024414062

0.00024414062

0.0

-0.00039672852

-0.00035095215

0.00018310547

0.00039672852

0.00035095215

0.00010681152

0.00045776367

-3.0517578e-05

-0.00022888184

-9.1552734e-05

-0.0001373291

-0.0002593994

-0.00024414062

-0.00022888184

0.00033569336

-3.0517578e-05

-0.000579834

-0.0005645752

6.1035156e-05

0.000289917

0.00032043457

9.1552734e-05

-1.5258789e-05

-0.00018310547

-0.00018310547

0.00016784668

-4.5776367e-05

0.0002593994

0.00047302246

-1.5258789e-05

-0.00012207031

-0.00022888184

0.00012207031

9.1552734e-05

0.00038146973

-3.0517578e-05

-0.00039672852

0.00016784668

-6.1035156e-05

6.1035156e-05

-0.00033569336

0.00022888184

-0.0004272461

-0.0001373291

0.00015258789

0.00016784668

7.6293945e-05

-0.00012207031

-0.00036621094

0.00035095215

-9.1552734e-05

-0.00024414062

-4.5776367e-05

6.1035156e-05

4.5776367e-05

0.0002746582

0.00021362305

-0.00033569336

0.00030517578

-0.00016784668

0.00038146973

0.00018310547

0.00015258789

7.6293945e-05

0.000289917

-0.00022888184

-0.00015258789

0.00019836426

0.00033569336

-1.5258789e-05

-0.00015258789

-0.00032043457

-0.00012207031

-0.00033569336

0.00044250488

-0.00047302246

0.00012207031

-7.6293945e-05

0.00048828125

-0.00018310547

0.00018310547

-0.00019836426

-1.5258789e-05

-0.00033569336

-0.00030517578

-6.1035156e-05

0.0

-0.00021362305

4.5776367e-05

-0.00019836426

0.00010681152

-0.0004119873

-0.000289917

-0.00032043457

3.0517578e-05

0.0

-9.1552734e-05

-3.0517578e-05

-1.5258789e-05

0.00021362305

0.00044250488

-3.0517578e-05

0.00033569336

-0.0001373291

-0.00018310547

-0.00012207031

-0.00012207031

-6.1035156e-05

-7.6293945e-05

0.00016784668

-0.00015258789

1.5258789e-05

-0.00018310547

-0.0005493164

-0.0005187988

-7.6293945e-05

0.00035095215

3.0517578e-05

-0.00018310547

3.0517578e-05

-0.00021362305

-0.00015258789

-0.00036621094

0.00050354004

0.00016784668

0.0

0.00016784668

-0.00019836426

-9.1552734e-05

-4.5776367e-05

-0.00015258789

-0.000289917

0.00018310547

0.00019836426

-3.0517578e-05

-0.00048828125

0.00035095215

-0.00021362305

-0.00021362305

9.1552734e-05

6.1035156e-05

-0.00021362305

-4.5776367e-05

0.0002746582

0.00024414062

0.00064086914

-7.6293945e-05

3.0517578e-05

9.1552734e-05

-0.00044250488

0.00062561035

-0.00022888184

0.0001373291

-0.00015258789

-1.5258789e-05

0.00030517578

-0.00016784668

-0.0002746582

0.00033569336

0.00024414062

0.000289917

-0.00024414062

-0.00015258789

9.1552734e-05

0.00021362305

-0.00038146973

-0.000579834

7.6293945e-05

0.00022888184

9.1552734e-05

-0.00019836426

-0.00062561035

1.5258789e-05

-3.0517578e-05

4.5776367e-05

-6.1035156e-05

-1.5258789e-05

0.00018310547

0.0004119873

0.0002746582

0.00032043457

0.0005493164

-0.0005340576

0.00010681152

0.00010681152

3.0517578e-05

0.00015258789

-0.00048828125

-0.00012207031

-0.0002593994

-0.00010681152

0.0

-0.00039672852

0.00039672852

3.0517578e-05

7.6293945e-05

-0.00018310547

-3.0517578e-05

0.000289917

-0.0002593994

-0.00015258789

-0.00016784668

-0.00050354004

-0.00019836426

0.00022888184

-0.00021362305

-0.0002593994

0.00021362305

-0.00021362305

-7.6293945e-05

-0.00019836426

-0.00039672852

-6.1035156e-05

0.0002746582

-0.0002593994

-4.5776367e-05

4.5776367e-05

-0.00010681152

0.0002746582

0.00030517578

0.00019836426

-4.5776367e-05

-6.1035156e-05

0.00015258789

-0.00036621094

0.0

0.00016784668

-1.5258789e-05

-0.00039672852

-0.00010681152

0.00015258789

0.000289917

-4.5776367e-05

1.5258789e-05

9.1552734e-05

0.000289917

-0.00035095215

-4.5776367e-05

0.00032043457

-0.00045776367

4.5776367e-05

4.5776367e-05

0.00016784668

-0.0004119873

0.0001373291

-0.00019836426

-0.00019836426

0.00012207031

0.00038146973

-0.00010681152

0.00016784668

0.00021362305

-9.1552734e-05

-1.5258789e-05

0.00015258789

-0.0001373291

0.00024414062

-0.00035095215

-6.1035156e-05

-0.00038146973

0.00018310547

-4.5776367e-05

-0.00032043457

0.0005187988

0.00012207031

-0.00012207031

0.00010681152

1.5258789e-05

0.0002593994

-0.0004272461

-0.00032043457

-0.00012207031

0.00018310547

1.5258789e-05

-6.1035156e-05

0.00033569336

-0.0001373291

0.00015258789

-0.0001373291

0.00044250488

-0.00018310547

6.1035156e-05

-0.0005645752

-0.0001373291

3.0517578e-05

0.00038146973

0.000289917

0.000289917

-0.0007019043

7.6293945e-05

0.00022888184

-0.0005950928

-0.0001373291

-0.00012207031

-0.00015258789

-0.0001373291

-0.0001373291

-9.1552734e-05

0.0004119873

-7.6293945e-05

-9.1552734e-05

-6.1035156e-05

-0.00010681152

9.1552734e-05

0.0002746582

-3.0517578e-05

0.00035095215

-0.0007171631

0.00022888184

-0.0004119873

0.00018310547

-3.0517578e-05

-0.0001373291

1.5258789e-05

-0.0002593994

-0.00022888184

-0.00012207031

0.0002593994

-0.00032043457

-4.5776367e-05

0.00015258789

0.00024414062

0.0

0.00012207031

1.5258789e-05

-3.0517578e-05

-0.00012207031

-0.00018310547

-3.0517578e-05

0.00036621094

-1.5258789e-05

0.00036621094

-0.0002593994

1.5258789e-05

0.00033569336

-0.00012207031

-0.00022888184

6.1035156e-05

-6.1035156e-05

0.00018310547

0.00039672852

-0.00045776367

1.5258789e-05

-0.00032043457

6.1035156e-05

0.00030517578

0.00024414062

7.6293945e-05

6.1035156e-05

0.00012207031

0.00061035156

-3.0517578e-05

-0.0005187988

0.0005950928

-3.0517578e-05

-1.5258789e-05

-7.6293945e-05

0.00035095215

-0.00019836426

0.000289917

6.1035156e-05

0.00032043457

-0.000289917

0.000289917

9.1552734e-05

0.00016784668

4.5776367e-05

0.000289917

4.5776367e-05

-0.00016784668

-6.1035156e-05

-4.5776367e-05

6.1035156e-05

0.00021362305

-0.00016784668

-0.00024414062

-1.5258789e-05

0.00019836426

-0.00012207031

-0.0002593994

0.00010681152

0.00024414062

3.0517578e-05

0.00022888184

0.00036621094

-0.00045776367

0.00033569336

-0.00033569336

4.5776367e-05

9.1552734e-05

1.5258789e-05

-0.000289917

-0.00018310547

1.5258789e-05

-0.0005493164

-0.00022888184

-0.000289917

-0.00039672852

0.00045776367

0.00016784668

0.00015258789

-0.00024414062

0.0

-0.0002593994

-9.1552734e-05

4.5776367e-05

-1.5258789e-05

-0.0002593994

1.5258789e-05

0.00019836426

0.00033569336

-1.5258789e-05

0.0002593994

0.00022888184

-9.1552734e-05

0.0005645752

3.0517578e-05

0.00022888184

-0.0001373291

-0.00030517578

-0.00050354004

6.1035156e-05

-9.1552734e-05

0.0004272461

0.00022888184

0.00015258789

-0.0001373291

0.00019836426

0.00015258789

0.00018310547

1.5258789e-05

9.1552734e-05

-0.00030517578

-0.00010681152

0.0002746582

0.00019836426

0.00022888184

0.00036621094

0.00016784668

-0.00010681152

0.00018310547

-0.000869751

3.0517578e-05

-0.00010681152

0.0002746582

0.0001373291

1.5258789e-05

1.5258789e-05

0.00045776367

-0.0005340576

7.6293945e-05

0.00022888184

0.00033569336

-0.0002746582

0.00024414062

-0.000289917

0.00010681152

0.00018310547

0.00010681152

7.6293945e-05

0.00012207031

0.00048828125

-0.00038146973

6.1035156e-05

-0.00012207031

0.0004119873

0.00019836426

-0.00019836426

4.5776367e-05

-0.0002593994

0.0

-0.00033569336

0.000289917

-7.6293945e-05

-9.1552734e-05

0.00016784668

1.5258789e-05

-0.00022888184

0.000289917

-1.5258789e-05

0.0004119873

-0.0006866455

-0.00038146973

6.1035156e-05

-6.1035156e-05

-6.1035156e-05

0.00064086914

0.00033569336

0.00022888184

-0.00015258789

0.00012207031

-7.6293945e-05

3.0517578e-05

9.1552734e-05

-0.00019836426

-0.00035095215

-0.00015258789

-0.00016784668

-0.00039672852

0.00018310547

0.0004272461

0.0

-0.00024414062

0.0

0.00022888184

-0.00030517578

-0.0002746582

3.0517578e-05

0.0002593994

-3.0517578e-05

1.5258789e-05

0.0001373291

-0.0002746582

-0.00015258789

-0.0006713867

0.00021362305

-0.0002593994

0.00021362305

0.00015258789

0.00032043457

-1.5258789e-05

7.6293945e-05

0.00039672852

0.00039672852

9.1552734e-05

-6.1035156e-05

-0.00016784668

-0.00015258789

-6.1035156e-05

0.00015258789

0.0

0.0001373291

-0.00016784668

0.000289917

0.0004119873

0.0002593994

0.00048828125

-1.5258789e-05

-0.00012207031

-0.0002593994

0.00010681152

7.6293945e-05

-0.00012207031

-0.00079345703

-3.0517578e-05

-0.000289917

0.00050354004

7.6293945e-05

0.00030517578

-0.00018310547

-0.0004272461

-0.00022888184

0.00035095215

-9.1552734e-05

-0.00012207031

-7.6293945e-05

-3.0517578e-05

-7.6293945e-05

-0.0002746582

-0.00018310547

-0.0001373291

-0.00010681152

-0.00039672852

-0.00038146973

-9.1552734e-05

0.00032043457

-0.000289917

-6.1035156e-05

-0.00016784668

0.00061035156

0.00044250488

7.6293945e-05

-4.5776367e-05

-0.00015258789

-0.00012207031

0.00022888184

0.0002746582

1.5258789e-05

3.0517578e-05

-0.00016784668

-0.00047302246

-0.0001373291

0.00021362305

0.0004272461

0.00050354004

-1.5258789e-05

-0.0001373291

0.00010681152

-0.00038146973

0.00010681152

-0.00012207031

0.00021362305

6.1035156e-05

-4.5776367e-05

0.00024414062

-4.5776367e-05

0.00032043457

-1.5258789e-05

7.6293945e-05

0.00030517578

3.0517578e-05

0.0002593994

9.1552734e-05

0.00048828125

-0.00016784668

0.00022888184

0.00024414062

0.00022888184

-0.00012207031

0.00024414062

0.0002746582

-7.6293945e-05

6.1035156e-05

6.1035156e-05

0.00010681152

0.0

-0.00019836426

-0.00032043457

-0.00012207031

0.00016784668

-0.0005340576

0.00019836426

9.1552734e-05

7.6293945e-05

-0.00039672852

0.00033569336

0.00019836426

-0.00022888184

1.5258789e-05

7.6293945e-05

-0.0002593994

0.00030517578

0.00015258789

0.00030517578

0.00033569336

0.00012207031

-0.00010681152

-0.00022888184

0.00018310547

-9.1552734e-05

-0.0002746582

-0.0001373291

0.0001373291

0.00010681152

0.00022888184

-1.5258789e-05

-0.00010681152

-0.00044250488

-0.00018310547

4.5776367e-05

-0.0002593994

0.0002593994

0.0005493164

-1.5258789e-05

0.00032043457

-0.00019836426

0.00016784668

-0.00036621094

0.0001373291

-0.0002593994

-7.6293945e-05

0.00030517578

-0.00015258789

-0.00010681152

0.00010681152

6.1035156e-05

0.00010681152

0.00022888184

-0.00012207031

-0.0001373291

0.0001373291

1.5258789e-05

-0.00022888184

-3.0517578e-05

-0.00012207031

0.00019836426

1.5258789e-05

0.00033569336

1.5258789e-05

-7.6293945e-05

-0.00018310547

0.0004119873

-4.5776367e-05

-0.0001373291

-7.6293945e-05

0.00030517578

0.00021362305

0.00022888184

-0.00018310547

-0.00018310547

0.0002746582

-0.0001373291

-0.00024414062

