-0.2687683

0.7368927

-0.53038025

-0.101501465

0.3549347

-0.28681946

0.08924866

0.06695557

-0.112335205

0.07243347

-0.010650635

-0.027832031

0.032043457

-0.016906738

-0.001373291

0.009796143

-0.008758545

0.0034942627

0.0015106201

-0.0032958984

0.002166748

-0.00036621094

-0.00061035156

0.000869751

-0.00047302246

3.0517578e-05

0.000289917

-1.5258789e-05

0.0001373291

0.00019836426

0.00012207031

-0.00024414062

7.6293945e-05

0.00047302246

0.0

0.0005340576

-0.00010681152

-0.00024414062

4.5776367e-05

-0.00050354004

-0.00035095215

-0.0004272461

-0.00016784668

-0.78201294

0.92988586

0.25578308

-0.7628937

0.33900452

0.24829102

-0.3380127

0.046432495

0.17146301

-0.12226868

-0.029800415

0.0872345

-0.03126526

-0.032562256

0.03617859

-0.0015716553

-0.019439697

0.011657715

0.0046844482

-0.009262085

0.0025024414

0.0037231445

-0.003326416

-0.00036621094

0.002670288

-0.0011901855

-0.0006866455

0.0012664795

-0.00048828125

-0.00019836426

0.0005340576

-6.1035156e-05

-1.5258789e-05

4.5776367e-05

-0.00047302246

9.1552734e-05

-0.00019836426

-0.00032043457

-0.00021362305

9.1552734e-05

-4.5776367e-05

0.00022888184

6.1035156e-05

-1.4715271

2.5782013

-1.9152069

1.4040833

-0.9804535

0.6278229

-0.34925842

0.14097595

0.001373291

-0.08924866

0.13471985

-0.14910889

0.1426239

-0.12420654

0.10064697

-0.076049805

0.053375244

-0.03475952

0.019638062

-0.008560181

0.001083374

0.003189087

-0.0054473877

0.0063476562

-0.0066223145

0.005844116

-0.0044555664

0.0035858154

-0.0026397705

0.0015869141

-0.0007171631

0.00036621094

0.0

-0.0002593994

0.00022888184

-0.00044250488

0.0002746582

0.0

-3.0517578e-05

0.0001373291

-0.00024414062

6.1035156e-05

-0.00021362305

-0.7555237

2.35437

-1.5193329

-1.053772

0.77671814

0.8285675

-0.36793518

-0.6185913

0.13668823

0.43408203

-0.015563965

-0.28781128

-0.03967285

0.18083191

0.05696106

-0.10746765

-0.05558777

0.05908203

0.046051025

-0.030303955

-0.03425598

0.0131073

0.024246216

-0.0043792725

-0.016235352

-6.1035156e-05

0.010299683

0.0016937256

-0.005630493

-0.002029419

0.0032958984

0.0017700195

-0.0019836426

-0.001739502

0.0008239746

0.0015106201

-0.00030517578

-0.0005493164

7.6293945e-05

0.00062561035

0.00047302246

-0.00045776367

-0.00018310547

2.020691

-2.7950134

0.15309143

1.6494751

-1.2907867

-0.24386597

1.0154419

-0.4588318

-0.401474

0.55322266

-0.069747925

-0.32546997

0.24412537

0.06599426

-0.20037842

0.078186035

0.083862305

-0.10192871

0.0066986084

0.061325073

-0.041992188

-0.015106201

0.035827637

-0.011672974

-0.01586914

0.017425537

-0.00019836426

-0.011489868

0.006378174

0.0028533936

-0.0062561035

0.0012512207

0.002609253

-0.003112793

-0.00062561035

0.0018920898

-0.0010375977

-0.00064086914

0.0010375977

-0.00015258789

-0.0006866455

0.00030517578

-3.0517578e-05

0.8221741

-2.7553558

2.6999512

-0.25416565

-1.5030518

1.6949615

-0.72006226

-0.42697144

0.9418335

-0.6816101

0.05633545

0.40924072

-0.4599762

0.19468689

0.11204529

-0.24554443

0.17573547

-0.015197754

-0.102890015

0.11444092

-0.049041748

-0.027130127

0.059524536

-0.04310608

0.0036010742

0.024932861

-0.027633667

0.011550903

0.00592041

-0.013946533

0.010253906

-0.00048828125

-0.0060577393

0.0062561035

-0.0030670166

-0.0016326904

0.0033111572

-0.0022277832

0.0002593994

0.0012512207

-0.0017242432

0.00044250488

-3.0517578e-05

3.0229187

-2.460205

-1.9042206

-0.0786438

1.0410309

1.0315399

0.2519989

-0.4936676

-0.65011597

-0.26623535

0.207901

0.38442993

0.21627808

-0.06478882

-0.21179199

-0.1539154

0.0024261475

0.1085968

0.09927368

0.018753052

-0.050949097

-0.060150146

-0.021209717

0.021118164

0.03416443

0.01725769

-0.0068359375

-0.018432617

-0.012313843

0.0007171631

0.009353638

0.0074920654

0.0012664795

-0.0045166016

-0.005126953

-0.0016479492

0.0018463135

0.0027160645

0.0014801025

-0.00074768066

-0.0012969971

-0.000869751

7.6293945e-05

0.00093078613

0.00038146973

-0.00050354004

-0.00015258789

-0.00039672852

-7.6293945e-05

-0.0005187988

-0.00016784668

-0.00012207031

0.00018310547

9.1552734e-05

7.6293945e-05

-4.5776367e-05

-0.00016784668

-0.000289917

0.00045776367

-0.00022888184

4.5776367e-05

-4.5776367e-05

1.5258789e-05

0.00047302246

9.1552734e-05

0.00030517578

3.0517578e-05

-0.00024414062

0.00021362305

6.1035156e-05

-0.00015258789

-3.0517578e-05

7.6293945e-05

4.5776367e-05

0.00018310547

-0.00019836426

7.6293945e-05

-0.00039672852

3.0517578e-05

0.00039672852

-0.00022888184

-0.00015258789

-6.1035156e-05

0.00039672852

0.0005950928

0.00016784668

0.00010681152

-0.00038146973

-0.00019836426

0.00044250488

0.00032043457

0.00010681152

-3.0517578e-05

-1.5258789e-05

-7.6293945e-05

0.00033569336

-0.00024414062

-6.1035156e-05

0.00035095215

-0.000289917

0.00033569336

-0.0001373291

0.00018310547

-0.00012207031

-0.00012207031

0.00012207031

0.00048828125

-0.00024414062

0.00036621094

-0.00010681152

0.0005187988

0.00016784668

7.6293945e-05

9.1552734e-05

-0.000579834

0.00019836426

-0.00033569336

0.00012207031

-0.0002593994

0.0004272461

0.00015258789

-0.0005950928

0.00016784668

-0.00022888184

-0.00024414062

-0.00015258789

-0.00016784668

0.00024414062

-9.1552734e-05

-0.00015258789

-3.0517578e-05

-0.00047302246

0.0002746582

7.6293945e-05

-0.0002593994

0.00022888184

-6.1035156e-05

0.00036621094

-7.6293945e-05

-1.5258789e-05

-0.00019836426

0.00024414062

0.00012207031

9.1552734e-05

-0.00019836426

-0.00019836426

-0.00015258789

-3.0517578e-05

0.00010681152

-0.00074768066

-3.0517578e-05

-0.000289917

-0.00039672852

-3.0517578e-05

-0.0004272461

-0.00012207031

-0.000289917

0.000289917

0.00024414062

0.0002746582

0.00016784668

-0.00019836426

-7.6293945e-05

0.0001373291

0.0

3.0517578e-05

0.00012207031

0.00030517578

0.0

1.5258789e-05

0.0

0.00021362305

0.00010681152

-0.00030517578

0.0005645752

9.1552734e-05

0.00012207031

9.1552734e-05

-0.00021362305

-0.00033569336

0.00032043457

-3.0517578e-05

0.00062561035

7.6293945e-05

-0.00012207031

0.00044250488

0.00024414062

-0.00044250488

0.00032043457

-0.00015258789

-0.00021362305

0.00030517578

0.00012207031

-0.00012207031

0.00022888184

0.00016784668

-0.00045776367

0.00019836426

-0.00019836426

0.00012207031

-6.1035156e-05

-0.0001373291

-0.00012207031

-0.00010681152

-0.00015258789

-0.00024414062

-0.00030517578

0.00019836426

-4.5776367e-05

-0.00030517578

1.5258789e-05

-0.00022888184

0.00012207031

-1.5258789e-05

1.5258789e-05

-0.00015258789

0.00019836426

0.00021362305

-0.00021362305

-0.000289917

0.00010681152

1.5258789e-05

3.0517578e-05

0.000289917

-0.00022888184

-0.00010681152

9.1552734e-05

-0.000579834

3.0517578e-05

0.00048828125

-1.5258789e-05

-0.0001373291

6.1035156e-05

0.00018310547

-9.1552734e-05

-0.00032043457

0.00021362305

-0.0001373291

4.5776367e-05

-0.00021362305

0.00022888184

0.00035095215

-0.00021362305

-0.0002593994

0.0002746582

-0.00016784668

-0.00018310547

0.00019836426

-0.00012207031

9.1552734e-05

-0.0004272461

0.00019836426

0.00039672852

0.00062561035

-6.1035156e-05

3.0517578e-05

-0.00021362305

-0.00024414062

-1.2468567

2.1651459

-1.3115845

0.22460938

0.528183

-0.44812012

-0.064971924

0.29626465

-0.12181091

-0.10621643

0.12742615

-0.0076293945

-0.069366455

0.041778564

0.017608643

-0.03277588

0.0073547363

0.014480591

-0.012329102

-0.0019836426

0.008224487

-0.0032653809

-0.0025482178

0.003250122

-0.0004272461

-0.0018920898

0.0010681152

0.0008087158

-0.00074768066

0.00033569336

0.00015258789

0.00019836426

-0.0002593994

-0.00016784668

1.5258789e-05

-0.00022888184

6.1035156e-05

-3.0517578e-05

-0.00032043457

-0.0001373291

0.00021362305

-0.0007324219

0.000289917

-1.3294678

2.7110596

-2.377884

1.8010559

-1.388794

0.9968262

-0.65567017

0.37649536

-0.16397095

0.014587402

0.07833862

-0.12734985

0.14434814

-0.1386261

0.12071228

-0.097213745

0.072128296

-0.04940796

0.030075073

-0.015731812

0.0047454834

0.001739502

-0.005706787

0.007095337

-0.007843018

0.0071411133

-0.0055999756

0.0040740967

-0.0034179688

0.0020141602

-0.0015563965

0.0004119873

-0.00016784668

-0.00032043457

0.0004272461

-0.00044250488

0.00024414062

-0.0008087158

0.0004119873

-0.0005187988

0.000289917

0.0001373291

-0.00038146973

-0.18222046

1.8204803

-2.605713

0.16670227

1.3386383

0.11125183

-0.8587494

-0.24481201

0.52334595

0.26446533

-0.2951355

-0.23162842

0.14880371

0.17910767

-0.061676025

-0.12812805

0.015289307

0.08529663

0.0066833496

-0.05328369

-0.014373779

0.031692505

0.015335083

-0.016937256

-0.013031006

0.008010864

0.009857178

-0.0037078857

-0.0068206787

0.0009613037

0.0043792725

0.000289917

-0.0028381348

-0.0005645752

0.0019683838

0.0005493164

-0.00093078613

-0.0009613037

0.00061035156

-6.1035156e-05

-0.0005340576

-0.00048828125

-0.00038146973

0.22052002

1.5124054

-3.2825928

1.9394684

0.39222717

-1.5429535

0.7907715

0.49928284

-0.8769226

0.26260376

0.40960693

-0.45474243

0.035736084

0.27690125

-0.21168518

-0.039398193

0.16499329

-0.08566284

-0.049942017

0.08932495

-0.028152466

-0.039596558

0.044311523

-0.004119873

-0.026123047

0.020385742

0.0031585693

-0.014816284

0.007522583

0.004043579

-0.007904053

0.0018920898

0.0031585693

-0.003540039

-0.00015258789

0.002166748

-0.0017242432

-0.00024414062

0.001083374

-0.00064086914

-0.00064086914

0.00050354004

-0.0002593994

-0.00062561035

-2.2916565

2.9369965

0.19268799

-1.9929199

1.8008423

-0.47935486

-0.7513428

1.103714

-0.61517334

-0.12944031

0.55514526

-0.4787445

0.109939575

0.21252441

-0.29083252

0.15127563

0.041671753

-0.144104

0.11703491

-0.02268982

-0.05569458

0.071746826

-0.034225464

-0.012496948

0.03526306

-0.027694702

0.003967285

0.013671875

-0.017028809

0.007858276

0.0032348633

-0.008514404

0.0064086914

-0.0007324219

-0.003540039

0.0038146973

-0.001449585

-0.0007324219

0.0024261475

-0.0020446777

-0.00036621094

0.0007324219

-0.00064086914

-0.64956665

-1.3896332

1.1222229

1.4596558

0.6016998

-0.4293518

-0.836853

-0.49142456

0.12721252

0.4694519

0.3530426

0.003036499

-0.24403381

-0.23158264

-0.047439575

0.11555481

0.14086914

0.052139282

-0.04814148

-0.081207275

-0.042434692

0.015640259

0.04396057

0.02998352

-0.002105713

-0.021743774

-0.018951416

-0.0031585693

0.01020813

0.01159668

0.0030822754

-0.0043640137

-0.0069274902

-0.0037994385

0.0009460449

0.0036315918

0.0023040771

-0.00062561035

-0.0017089844

-0.0014038086

0.00021362305

0.0012359619

0.00077819824

2.9449463

-2.44693

-2.398407

1.3301849

1.8063202

-0.5180054

-1.4411163

0.048217773

1.0661011

0.20861816

-0.7296448

-0.3179016

0.45658875

0.3327179

-0.25209045

-0.29536438

0.11395264

0.236969

-0.027786255

-0.1737976

-0.019699097

0.1186676

0.04067993

-0.07522583

-0.045791626

0.042037964

0.04168701

-0.020141602

-0.03404236

0.006088257

0.02494812

0.0010223389

-0.017608643

-0.0048217773

0.01133728

0.0061035156

-0.0069274902

-0.005935669

0.0030975342

0.0049591064

-0.0016326904

-0.003753662

9.1552734e-05

0.0019836426

0.00012207031

-0.00048828125

-0.00033569336

0.00039672852

-0.00033569336

-6.1035156e-05

-7.6293945e-05

-3.0517578e-05

6.1035156e-05

-0.00024414062

0.00010681152

-0.0005493164

-7.6293945e-05

7.6293945e-05

0.00010681152

0.00018310547

-0.00018310547

0.0

-4.5776367e-05

-0.00038146973

-0.00021362305

-0.00012207031

-0.00030517578

-0.00036621094

0.0

0.00019836426

0.00022888184

0.00016784668

0.0005493164

-4.5776367e-05

0.00010681152

-1.5258789e-05

0.00024414062

0.00012207031

-0.00012207031

-0.00016784668

3.0517578e-05

-4.5776367e-05

0.00012207031

-0.00015258789

0.0

-0.00048828125

-0.0002593994

-0.0002746582

-0.00015258789

7.6293945e-05

0.00010681152

-7.6293945e-05

-6.1035156e-05

-0.00015258789

0.00039672852

-0.0001373291

0.00019836426

-0.00038146973

0.00015258789

-6.1035156e-05

0.000289917

9.1552734e-05

0.000579834

-0.00033569336

0.000289917

-0.00032043457

-9.1552734e-05

0.00010681152

6.1035156e-05

0.000289917

-9.1552734e-05

-6.1035156e-05

-7.6293945e-05

0.0002746582

3.0517578e-05

9.1552734e-05

6.1035156e-05

-0.00012207031

0.00012207031

0.00021362305

-0.00018310547

-0.00022888184

0.0

0.00010681152

-0.00015258789

0.00019836426

0.00012207031

-3.0517578e-05

-0.00012207031

-0.00022888184

-0.000289917

0.0

-0.00010681152

0.00018310547

0.00010681152

-0.0005493164

-0.00024414062

9.1552734e-05

7.6293945e-05

-3.0517578e-05

-0.00010681152

-0.00021362305

0.0002593994

-0.00019836426

0.0001373291

0.00019836426

0.00032043457

-6.1035156e-05

-0.00021362305

0.00016784668

1.5258789e-05

-1.5258789e-05

-7.6293945e-05

0.0001373291

0.00012207031

0.0004272461

0.0

-0.00030517578

6.1035156e-05

7.6293945e-05

6.1035156e-05

-0.00047302246

-0.000289917

0.00022888184

0.00033569336

0.000289917

0.0001373291

-0.00010681152

0.00010681152

0.00016784668

-1.5258789e-05

9.1552734e-05

4.5776367e-05

0.000289917

6.1035156e-05

-3.0517578e-05

4.5776367e-05

0.00032043457

9.1552734e-05

0.00019836426

-0.0001373291

-0.00021362305

0.00038146973

-0.00032043457

-1.5258789e-05

-6.1035156e-05

-0.00021362305

-0.0004272461

1.5258789e-05

0.00032043457

-0.00019836426

-0.00039672852

-0.0004119873

-0.00018310547

-6.1035156e-05

-0.0004119873

-0.00016784668

-0.000289917

6.1035156e-05

9.1552734e-05

-0.00048828125

0.0004272461

-0.00022888184

0.00032043457

0.00032043457

-6.1035156e-05

0.0002593994

0.0

0.00024414062

-0.00016784668

0.00062561035

-0.00047302246

9.1552734e-05

-0.00012207031

-0.00030517578

0.00016784668

0.00035095215

-0.00039672852

-0.0001373291

7.6293945e-05

-9.1552734e-05

9.1552734e-05

9.1552734e-05

-0.00018310547

0.0005950928

0.00033569336

-6.1035156e-05

0.00012207031

-0.00019836426

9.1552734e-05

0.00021362305

0.0

0.00024414062

-0.00047302246

0.0002746582

3.0517578e-05

0.00010681152

-6.1035156e-05

3.0517578e-05

-0.00021362305

-3.0517578e-05

9.1552734e-05

0.00015258789

0.00012207031

0.00036621094

0.00019836426

-0.00010681152

-0.00036621094

0.0002746582

0.000289917

-6.1035156e-05

-1.5258789e-05

-0.00016784668

0.0

-7.6293945e-05

0.00036621094

0.00015258789

-6.1035156e-05

0.7127533

-0.37638855

-0.70684814

0.43753052

0.050827026

-0.26861572

0.23287964

-0.082458496

-0.04373169

0.086135864

-0.05960083

0.012008667

0.019943237

-0.025421143

0.014328003

0.0001373291

-0.0068969727

0.0067749023

-0.0028381348

-0.0005950928

0.0027160645

-0.0015869141

0.00021362305

0.0009918213

-0.0007171631

0.00012207031

0.00012207031

-0.00021362305

0.00019836426

4.5776367e-05

-0.00018310547

-0.00016784668

0.0001373291

-0.00032043457

0.00032043457

0.00019836426

0.00038146973

1.5258789e-05

-0.00021362305

1.5258789e-05

1.5258789e-05

-6.1035156e-05

0.00022888184

0.8414612

-1.1925812

0.06492615

0.794693

-0.6702728

-0.029190063

0.40931702

-0.22296143

-0.107666016

0.19329834

-0.050491333

-0.08180237

0.07640076

0.0024261475

-0.045288086

0.025115967

0.011184692

-0.020492554

0.005722046

0.009048462

-0.008529663

-0.00033569336

0.004776001

-0.002609253

-0.0012054443

0.0024871826

-0.0008392334

-0.0010375977

0.0009460449

0.0005950928

-0.0007171631

0.00064086914

3.0517578e-05

-1.5258789e-05

0.00016784668

0.0001373291

-0.000289917

-0.00019836426

-0.0001373291

9.1552734e-05

-0.00030517578

0.00024414062

-3.0517578e-05

0.8341522

-0.68440247

-0.30381775

0.14219666

0.18811035

-0.42219543

0.5243988

-0.5355377

0.48631287

-0.4060669

0.31384277

-0.2246399

0.14575195

-0.08305359

0.035339355

-0.0035247803

-0.016662598

0.026824951

-0.02960205

0.0287323

-0.024932861

0.020126343

-0.014968872

0.009994507

-0.006362915

0.0033416748

-0.0013275146

-0.00010681152

0.0010528564

-0.0017089844

0.0015106201

-0.0012969971

0.001449585

-0.0009460449

0.00061035156

-0.0006866455

0.00010681152

-6.1035156e-05

-0.0002593994

-0.00012207031

-0.00045776367

-0.00015258789

-0.00045776367

2.5143433

-3.2673798

-0.28546143

1.594696

0.18888855

-0.92323303

-0.34577942

0.5190277

0.3668518

-0.24612427

-0.30648804

0.08049011

0.22148132

0.0058898926

-0.14204407

-0.04069519

0.080841064

0.04698181

-0.039398193

-0.040893555

0.014572144

0.029708862

-0.0013580322

-0.019363403

-0.0041656494

0.011260986

0.0054016113

-0.0056152344

-0.005218506

0.0021362305

0.0037078857

-0.00079345703

-0.0024261475

-0.00038146973

0.0017089844

0.00032043457

-0.00079345703

-0.00044250488

0.0

0.000579834

-0.000289917

1.5258789e-05

-0.0001373291

0.15750122

0.44065857

-1.9294891

2.1466217

-0.497818

-1.0534058

1.0336609

0.01399231

-0.70428467

0.46315002

0.1611023

-0.41539

0.1706543

0.16105652

-0.21885681

0.03982544

0.11706543

-0.103515625

-0.008239746

0.07249451

-0.04283142

-0.018600464

0.039718628

-0.01399231

-0.016311646

0.019744873

-0.0025482178

-0.011383057

0.008804321

0.0012512207

-0.0072631836

0.0036010742

0.0020446777

-0.0037078857

0.001159668

0.0013885498

-0.0019226074

0.00010681152

0.0007324219

-0.00093078613

0.0004272461

0.0007324219

-0.0002593994

-2.4138947

0.8214874

3.229721

-1.9560852

-0.3788452

1.663269

-1.434845

0.31874084

0.66908264

-0.90348816

0.46185303

0.1504364

-0.4692688

0.37261963

-0.059631348

-0.19139099

0.2340393

-0.10688782

-0.04928589

0.12098694

-0.088516235

0.008132935

0.05076599

-0.056350708

0.0231781

0.01449585

-0.029327393

0.020095825

-0.00050354004

-0.012512207

0.012924194

-0.004333496

-0.0039367676

0.0070495605

-0.0040893555

-0.00018310547

0.0032043457

-0.0028839111

0.0008087158

0.0012359619

-0.0020141602

0.0009918213

0.00047302246

0.6539459

1.9750214

-1.3968964

-1.9402161

-0.68574524

0.5857544

1.0412292

0.57266235

-0.20024109

-0.59677124

-0.41975403

0.028686523

0.3224182

0.28070068

0.037353516

-0.16114807

-0.17524719

-0.052215576

0.07287598

0.10362244

0.045944214

-0.027999878

-0.05732727

-0.033676147

0.008178711

0.03024292

0.022445679

0.00022888184

-0.015213013

-0.014312744

-0.0032958984

0.0066223145

0.008056641

0.002670288

-0.003250122

-0.004470825

-0.0025024414

0.00077819824

0.0028839111

0.0019073486

-0.0004272461

-0.0011138916

-0.0008544922

-0.00015258789

0.00048828125

0.00024414062

0.00010681152

-0.0002746582

4.5776367e-05

0.00035095215

0.00018310547

0.0001373291

-0.00010681152

-0.00015258789

-0.0005645752

1.5258789e-05

0.0004272461

-7.6293945e-05

-7.6293945e-05

0.0004272461

-0.00010681152

-7.6293945e-05

0.00021362305

6.1035156e-05

0.00015258789

-3.0517578e-05

-0.00019836426

-0.00047302246

-4.5776367e-05

-0.0004119873

0.00038146973

4.5776367e-05

-0.00018310547

-3.0517578e-05

-9.1552734e-05

0.00039672852

-0.00045776367

0.00024414062

-0.00019836426

0.00016784668

0.0

0.00035095215

-0.00036621094

6.1035156e-05

-0.00015258789

-7.6293945e-05

3.0517578e-05

-7.6293945e-05

0.00012207031

0.0005493164

-0.00036621094

-0.00022888184

0.0001373291

-0.00032043457

3.0517578e-05

9.1552734e-05

0.00048828125

-4.5776367e-05

-0.00018310547

-3.0517578e-05

-0.0002593994

-6.1035156e-05

0.00022888184

-0.00012207031

1.5258789e-05

-4.5776367e-05

0.000289917

0.00012207031

0.00022888184

-0.000289917

0.00024414062

-0.00015258789

-0.00030517578

-0.00019836426

0.00032043457

-0.00033569336

-0.00033569336

6.1035156e-05

4.5776367e-05

9.1552734e-05

0.00033569336

0.00015258789

-9.1552734e-05

0.0002746582

4.5776367e-05

-0.00033569336

4.5776367e-05

-0.00021362305

-0.00010681152

0.0

7.6293945e-05

-0.00016784668

-0.00022888184

-3.0517578e-05

0.00024414062

0.00033569336

0.00019836426

-4.5776367e-05

0.00019836426

0.00016784668

-9.1552734e-05

0.00035095215

0.00010681152

4.5776367e-05

0.00024414062

7.6293945e-05

-4.5776367e-05

-3.0517578e-05

0.00048828125

-0.00022888184

0.00012207031

1.5258789e-05

-0.00038146973

-0.00015258789

-0.00032043457

0.0001373291

0.00016784668

0.00019836426

0.00019836426

-1.5258789e-05

0.00024414062

-0.00024414062

-0.00012207031

0.00012207031

-0.00045776367

0.00024414062

-0.00010681152

-0.0002593994

-0.00030517578

-0.00048828125

0.0002593994

0.00016784668

-0.00018310547

-0.00019836426

0.00022888184

0.0001373291

6.1035156e-05

-0.00030517578

-0.00024414062

7.6293945e-05

0.00039672852

3.0517578e-05

0.00012207031

9.1552734e-05

0.0

9.1552734e-05

-0.00016784668

7.6293945e-05

-0.00010681152

-0.00024414062

0.00024414062

9.1552734e-05

0.00019836426

-0.00039672852

-0.0001373291

-9.1552734e-05

0.00038146973

-0.0005187988

0.0

-0.00036621094

-0.000289917

-0.000289917

0.00012207031

-0.00032043457

3.0517578e-05

0.00036621094

-0.00019836426

-9.1552734e-05

0.00030517578

4.5776367e-05

0.0001373291

-0.0005187988

0.00015258789

0.0001373291

6.1035156e-05

0.0

-0.00018310547

-6.1035156e-05

-0.0002593994

-0.0001373291

0.00012207031

-0.0001373291

-0.00021362305

-9.1552734e-05

0.00016784668

7.6293945e-05

-0.00032043457

0.00030517578

6.1035156e-05

0.00019836426

-1.5258789e-05

0.00010681152

0.000289917

-6.1035156e-05

0.0004272461

-0.00010681152

-0.00019836426

9.1552734e-05

0.00039672852

9.1552734e-05

0.00021362305

-0.00016784668

0.00016784668

0.00036621094

0.00016784668

0.00019836426

0.00010681152

9.1552734e-05

0.0001373291

-0.0002593994

0.00030517578

-0.00039672852

0.00015258789

-0.00016784668

0.0002746582

0.00019836426

-0.00018310547

-0.00012207031

0.00010681152

-1.1707764

1.7637787

-0.4412079

-0.62997437

0.7017212

-0.06187439

-0.37586975

0.25360107

0.072769165

-0.189682

0.06678772

0.07064819

-0.0796051

0.004638672

0.04260254

-0.02709961

-0.008758545

0.020233154

-0.0066375732

-0.007949829

0.0084991455

-0.00018310547

-0.0043792725

0.002456665

0.0011444092

-0.0021209717

0.00061035156

0.00074768066

-0.0006866455

0.00019836426

0.00033569336

-0.00024414062

-0.00021362305

7.6293945e-05

6.1035156e-05

-6.1035156e-05

0.00019836426

0.0005950928

0.00024414062

0.0004119873

3.0517578e-05

-0.0004119873

-0.00018310547

0.13206482

-0.630249

0.8316345

-0.44470215

0.08258057

0.16775513

-0.30792236

0.3661499

-0.36730957

0.3330078

-0.28033447

0.21992493

-0.16294861

0.111572266

-0.070388794

0.03756714

-0.01473999

-0.0009460449

0.0099487305

-0.014587402

0.015975952

-0.015106201

0.013076782

-0.010543823

0.007858276

-0.0060272217

0.0034942627

-0.002609253

0.001159668

-0.00044250488

-0.00022888184

0.00033569336

-0.00039672852

0.0005645752

-0.00074768066

0.0008087158

-6.1035156e-05

-3.0517578e-05

-0.00036621094

-6.1035156e-05

6.1035156e-05

-0.000289917

-0.00035095215

-1.8803253

1.4786835

1.684372

-1.002243

-1.0393982

0.43930054

0.78012085

-0.13734436

-0.54634094

-0.01725769

0.35739136

0.08180237

-0.21733093

-0.09599304

0.12249756

0.085739136

-0.0625

-0.06756592

0.026351929

0.04814148

-0.0074920654

-0.032455444

-0.0015411377

0.019515991

0.0051727295

-0.011856079

-0.006011963

0.006500244

0.0046844482

-0.0031280518

-0.0038452148

0.0014343262

0.0025177002

-0.000579834

-0.0019073486

-0.00022888184

0.00090026855

-1.5258789e-05

-0.0005493164

-0.0007019043

0.00016784668

9.1552734e-05

-0.00045776367

2.2565308

-3.128418

0.25602722

1.74469

-1.5170288

-0.07740784

1.0691986

-0.6808624

-0.2539215

0.63171387

-0.26145935

-0.24223328

0.3383789

-0.06958008

-0.17619324

0.16445923

0.0036773682

-0.110458374

0.071243286

0.023345947

-0.06227112

0.026535034

0.022232056

-0.03250122

0.007156372

0.015701294

-0.015197754

0.00019836426

0.009918213

-0.006576538

-0.0020141602

0.005554199

-0.0028381348

-0.0018310547

0.002670288

-0.00074768066

-0.0009460449

0.0013427734

1.5258789e-05

-0.00079345703

0.000579834

-0.00012207031

-0.0005950928

-1.4350281

3.364441

-2.1078491

-0.755661

1.9802094

-1.4294586

0.08628845

0.9004669

-0.9747009

0.36546326

0.29992676

-0.55389404

0.3526001

0.020980835

-0.2600708

0.24612427

-0.072052

-0.094192505

0.14161682

-0.07896423

-0.016723633

0.06806946

-0.057785034

0.011474609

0.026809692

-0.03453064

0.016845703

0.0065460205

-0.017349243

0.012573242

-0.0019226074

-0.0073242188

0.00843811

-0.003479004

-0.0023651123

0.003753662

-0.0031433105

4.5776367e-05

0.0019073486

-0.0017852783

0.0008239746

0.00033569336

-0.0009613037

3.4548492

-3.6283875

-1.6543884

0.62028503

1.349472

0.83265686

-0.09225464

-0.68530273

-0.6163635

-0.12484741

0.31350708

0.39735413

0.17134094

-0.11001587

-0.22705078

-0.146698

0.013442993

0.114486694

0.10240173

0.021072388

-0.049850464

-0.06300354

-0.027740479

0.016555786

0.034591675

0.022644043

-0.0019073486

-0.016647339

-0.015213013

-0.003250122

0.0067596436

0.008728027

0.004058838

-0.0020141602

-0.004989624

-0.0035858154

-1.5258789e-05

0.0016784668

0.0021514893

0.00018310547

-0.0013580322

-0.0011901855

-0.0004272461

1.6370239

0.67237854

-3.8579865

-0.01914978

2.363922

0.56256104

-1.5428619

-0.83265686

0.90145874

0.8606415

-0.42710876

-0.7446594

0.109375

0.5691986

0.07469177

-0.38923645

-0.15907288

0.23576355

0.1769867

-0.120269775

-0.15797424

0.04284668

0.12358093

0.002822876

-0.08634949

-0.024719238

0.05430603

0.032424927

-0.028945923

-0.030654907

0.012542725

0.024963379

-0.0020446777

-0.017837524

-0.0033111572

0.011398315

0.005432129

-0.0068969727

-0.0060577393

0.0036010742

0.004638672

-0.0008239746

-0.0036621094

-0.000289917

0.0024871826

0.00039672852

-0.00019836426

-0.00050354004

3.0517578e-05

4.5776367e-05

0.00021362305

-0.00016784668

-6.1035156e-05

0.0005187988

0.0

6.1035156e-05

-0.00065612793

-3.0517578e-05

-0.00015258789

7.6293945e-05

9.1552734e-05

0.00032043457

-0.00015258789

0.00015258789

0.00021362305

0.0

7.6293945e-05

7.6293945e-05

0.00024414062

-0.00021362305

0.0

0.00016784668

-0.00024414062

1.5258789e-05

-0.00050354004

-0.00048828125

-7.6293945e-05

-0.00016784668

0.00019836426

-0.00016784668

0.00032043457

-0.00018310547

-0.000579834

-0.00024414062

-0.00045776367

0.0001373291

0.00030517578

-0.00010681152

0.00016784668

-7.6293945e-05

0.00045776367

0.00016784668

-0.00015258789

0.0002746582

-9.1552734e-05

-0.0002593994

0.000289917

-1.5258789e-05

-3.0517578e-05

-0.00030517578

0.000579834

-0.00039672852

-0.0001373291

0.00024414062

-3.0517578e-05

-0.00030517578

0.000579834

0.00012207031

-0.00032043457

-3.0517578e-05

-0.000289917

0.00032043457

-4.5776367e-05

0.0004119873

-6.1035156e-05

-0.00021362305

-0.00024414062

-4.5776367e-05

-9.1552734e-05

0.00033569336

-0.00022888184

-0.00024414062

0.00010681152

0.00032043457

1.5258789e-05

-9.1552734e-05

-7.6293945e-05

-0.00030517578

0.000289917

3.0517578e-05

-4.5776367e-05

-0.00019836426

0.00019836426

-0.00030517578

-0.0001373291

0.00032043457

0.00016784668

-6.1035156e-05

-0.00016784668

-0.00019836426

-3.0517578e-05

-0.00018310547

-6.1035156e-05

0.00033569336

0.00022888184

-0.0004119873

0.00012207031

0.00030517578

0.00039672852

-0.00045776367

-0.00010681152

-0.00010681152

-1.5258789e-05

-0.0004272461

-0.00033569336

7.6293945e-05

0.0

0.0002593994

1.5258789e-05

1.5258789e-05

0.00022888184

0.0002593994

-0.00018310547

-0.0002593994

0.0001373291

0.00021362305

-0.00016784668

-3.0517578e-05

0.00010681152

-1.5258789e-05

-0.00012207031

-0.0004119873

-0.0005645752

0.00021362305

0.00016784668

3.0517578e-05

1.5258789e-05

-0.00018310547

-0.00021362305

-0.00021362305

-0.00018310547

-9.1552734e-05

-0.00036621094

-0.0002746582

-0.00030517578

-0.00030517578

-0.0001373291

-0.00033569336

-0.0005645752

-0.00016784668

0.00015258789

-7.6293945e-05

0.00030517578

-0.00021362305

-0.00016784668

0.00019836426

-0.0004119873

-1.5258789e-05

0.00012207031

0.00022888184

-0.0002593994

6.1035156e-05

0.00016784668

-0.00024414062

-0.00019836426

3.0517578e-05

0.00030517578

0.00033569336

-9.1552734e-05

-0.0005645752

0.0001373291

-3.0517578e-05

3.0517578e-05

0.00035095215

7.6293945e-05

3.0517578e-05

-0.00016784668

9.1552734e-05

-3.0517578e-05

-0.00012207031

4.5776367e-05

7.6293945e-05

0.00015258789

0.00019836426

-6.1035156e-05

0.00021362305

-0.00044250488

0.00038146973

-0.00036621094

-0.000289917

-0.00019836426

-6.1035156e-05

4.5776367e-05

-1.5258789e-05

0.00022888184

0.00012207031

-6.1035156e-05

-1.5258789e-05

-0.00039672852

-0.00015258789

0.00018310547

1.5258789e-05

0.0005340576

-0.00030517578

-1.5258789e-05

0.0002593994

-0.00016784668

-0.00018310547

0.0001373291

-0.0001373291

9.1552734e-05

0.00018310547

0.00033569336

-4.5776367e-05

0.00050354004

0.00022888184

0.00032043457

-0.0001373291

-9.1552734e-05

1.3723755

-2.7350159

1.8874054

-0.020217896

-1.1885223

0.8357849

0.21568298

-0.7081146

0.34469604

0.233078

-0.38923645

0.11305237

0.1784668

-0.18817139

0.022232056

0.06147766

-0.03366089

-0.0053253174

0.012390137

-0.0035705566

-0.0021514893

0.0022583008

-0.00012207031

-0.0006713867

4.5776367e-05

3.0517578e-05

-0.00032043457

0.00015258789

4.5776367e-05

-0.00074768066

0.00010681152

6.1035156e-05

-1.5258789e-05

-0.00015258789

0.00012207031

0.00015258789

3.0517578e-05

0.0004272461

3.0517578e-05

0.00022888184

-0.00019836426

-9.1552734e-05

1.5258789e-05

0.030273438

-1.0972137

1.2201385

0.5233917

-0.6102905

-0.47488403

0.26841736

0.3699646

-0.07937622

-0.25404358

-0.013320923

0.1569519

0.046875

-0.08528137

-0.02973938

0.024307251

0.0134887695

-0.0034942627

-0.0043945312

-0.0004272461

0.0011444092

0.00048828125

-0.0005493164

-0.00039672852

0.000289917

0.00047302246

-0.00010681152

-1.5258789e-05

0.00012207031

-0.000289917

0.00022888184

0.00045776367

0.00036621094

-1.5258789e-05

6.1035156e-05

7.6293945e-05

0.00038146973

0.0001373291

0.00018310547

0.00012207031

-7.6293945e-05

-0.00016784668

-0.00012207031

0.060028076

-0.25006104

0.11453247

0.12298584

0.077545166

0.032287598

0.0009918213

-0.017349243

-0.025680542

-0.028289795

-0.026351929

-0.022232056

-0.016967773

-0.012237549

-0.008453369

-0.001663208

0.00064086914

0.00074768066

0.00062561035

0.00079345703

0.00018310547

-6.1035156e-05

-3.0517578e-05

-0.00018310547

-1.5258789e-05

0.0002593994

0.00035095215

0.00035095215

-0.0001373291

-0.00021362305

0.00012207031

-1.5258789e-05

0.00024414062

0.0

-6.1035156e-05

-7.6293945e-05

-0.00016784668

-0.00022888184

-0.00016784668

0.0002746582

-0.00016784668

-9.1552734e-05

-0.0002593994

-0.42384338

0.4394226

0.29144287

-0.49464417

0.095321655

0.23440552

-0.139328

-0.079071045

0.10549927

0.004714966

-0.059631348

0.019683838

0.016677856

-0.009231567

-0.0022583008

0.0021972656

0.00030517578

-0.0010681152

0.00038146973

3.0517578e-05

-6.1035156e-05

-0.0002746582

0.00033569336

0.00024414062

-6.1035156e-05

0.00044250488

0.00021362305

-0.00018310547

0.00048828125

0.00012207031

7.6293945e-05

0.00024414062

-0.00036621094

-0.0002746582

1.5258789e-05

0.0002593994

-1.5258789e-05

0.00039672852

-7.6293945e-05

0.0

-6.1035156e-05

0.0002746582

9.1552734e-05

0.5037384

-0.41210938

0.021728516

0.065200806

0.03703308

-0.0014801025

-0.024673462

-0.036026

-0.037902832

-0.035339355

-0.029830933

-0.022735596

-0.01576233

-0.010437012

-0.0019836426

0.001373291

0.0014953613

0.0012359619

1.5258789e-05

0.00030517578

0.00064086914

9.1552734e-05

1.5258789e-05

-1.5258789e-05

6.1035156e-05

0.00033569336

0.00012207031

-6.1035156e-05

0.00019836426

-6.1035156e-05

6.1035156e-05

0.00010681152

-1.5258789e-05

0.00045776367

0.00015258789

-0.00015258789

-3.0517578e-05

1.5258789e-05

-6.1035156e-05

-0.000289917

-6.1035156e-05

-0.00024414062

-0.00021362305

-0.8769531

0.48387146

1.0641785

-0.38667297

-0.62364197

0.060897827

0.4034729

0.09648132

-0.22198486

-0.13504028

0.09434509

0.1158905

-0.020736694

-0.072891235

0.00019836426

0.02331543

0.0055999756

-0.0051727295

-0.002532959

0.00064086914

0.00077819824

0.0005645752

-0.0004272461

0.00039672852

6.1035156e-05

-9.1552734e-05

-0.00015258789

-1.5258789e-05

0.00032043457

-6.1035156e-05

0.00015258789

0.0002593994

-0.00022888184

-0.00048828125

0.00015258789

0.00015258789

-7.6293945e-05

0.00012207031

-3.0517578e-05

7.6293945e-05

4.5776367e-05

-0.00039672852

-0.00012207031

1.915741

-2.8391876

0.63586426

1.1643219

-1.2973175

0.13922119

0.7648773

-0.6107025

-0.09553528

0.46965027

-0.2549591

-0.10848999

0.17674255

-0.041503906

-0.038345337

0.029403687

-0.00030517578

-0.009155273

0.0041046143

0.0014801025

-0.0014953613

0.00047302246

-6.1035156e-05

-0.00021362305

-0.00035095215

-9.1552734e-05

-0.000289917

0.00032043457

0.00016784668

-1.5258789e-05

0.000289917

-0.00045776367

-4.5776367e-05

-0.0002593994

-0.00030517578

-0.00018310547

-6.1035156e-05

0.00016784668

-0.0005187988

0.0002593994

-1.5258789e-05

0.0005950928

-0.00047302246

1.1608582

-1.2005157

-0.6881561

0.7310791

0.44569397

-0.31289673

-0.37150574

0.07209778

0.2584076

0.04083252

-0.14846802

-0.07521057

0.06752014

0.06163025

-0.023956299

-0.024154663

0.0007324219

0.006958008

0.0012054443

-0.001663208

-0.001083374

0.00018310547

-4.5776367e-05

0.00016784668

-0.00035095215

-0.00038146973

1.5258789e-05

0.00021362305

-0.0001373291

0.0002746582

-0.0001373291

-9.1552734e-05

0.00022888184

0.00022888184

0.00019836426

0.00016784668

-0.00012207031

-0.00021362305

-0.0005187988

-0.00035095215

1.5258789e-05

0.00033569336

0.00015258789

1.1190948

-0.51997375

-0.16043091

-0.060638428

-0.052078247

-0.06828308

-0.070510864

-0.06311035

-0.05192566

-0.03816223

-0.026351929

-0.01576233

-0.0053710938

0.0046691895

0.004760742

0.00289917

0.0024261475

0.0006866455

0.00061035156

0.0001373291

-0.00015258789

7.6293945e-05

-0.0005187988

-0.00010681152

0.000579834

-0.00010681152

0.00012207031

4.5776367e-05

0.00012207031

6.1035156e-05

0.0001373291

-0.00050354004

4.5776367e-05

-0.00036621094

7.6293945e-05

-0.00015258789

-0.0001373291

0.0

3.0517578e-05

-0.00010681152

0.000289917

-0.0002593994

-0.00010681152

-0.74676514

1.1988373

-0.36628723

-0.40629578

0.41719055

0.058563232

-0.24246216

0.026153564

0.12789917

-0.04562378

-0.05949402

0.03933716

0.022964478

-0.025421143

-0.0007171631

0.005432129

-0.0007019043

-0.0007171631

0.0002593994

-0.00012207031

0.0002593994

-0.00018310547

9.1552734e-05

1.5258789e-05

-1.5258789e-05

-0.0002746582

0.00035095215

0.00038146973

3.0517578e-05

0.00010681152

-0.0002746582

0.00022888184

0.00035095215

-0.0004272461

0.0001373291

-0.00015258789

-0.0001373291

-0.00019836426

0.0005645752

0.0

-7.6293945e-05

-0.00022888184

-4.5776367e-05

1.1200256

-0.35108948

-0.1871643

-0.11503601

-0.10255432

-0.100494385

-0.08937073

-0.07261658

-0.054260254

-0.03692627

-0.02204895

-0.01109314

-0.0029144287

0.007736206

0.010391235

0.006668091

0.0029449463

0.001739502

0.00045776367

0.000289917

-3.0517578e-05

6.1035156e-05

-0.0005187988

-0.000289917

-3.0517578e-05

-0.0002593994

0.00015258789

0.00036621094

0.0

-0.00012207031

0.00022888184

-6.1035156e-05

6.1035156e-05

0.0001373291

0.00018310547

-0.0002593994

-9.1552734e-05

-0.00032043457

6.1035156e-05

-9.1552734e-05

9.1552734e-05

0.0001373291

0.0001373291

1.5289001

-2.408661

0.44548035

0.98349

-0.18119812

-0.5978699

-0.07575989

0.35232544

0.16564941

-0.16653442

-0.16053772

0.051452637

0.11759949

0.007171631

-0.07090759

-0.018188477

0.027786255

0.010864258

-0.0054016113

-0.0045318604

0.0007171631

0.001449585

-4.5776367e-05

-0.00018310547

-0.00065612793

-1.5258789e-05

0.00024414062

-0.0002746582

-0.00019836426

0.00019836426

-3.0517578e-05

-9.1552734e-05

6.1035156e-05

-0.000289917

-0.00035095215

0.00032043457

-0.00015258789

-0.000289917

-0.00022888184

-0.000289917

-0.00010681152

0.00021362305

0.00033569336

1.6537018

-1.6216125

-1.0493164

2.0426483

-1.1012115

-0.5287018

1.0871887

-0.38801575

-0.46240234

0.574234

-0.0839386

-0.3239441

0.27485657

0.027130127

-0.17982483

0.08894348

0.024246216

-0.037872314

0.008544922

0.0084991455

-0.0059509277

0.00010681152

0.0025482178

-0.00074768066

-0.0001373291

0.00036621094

3.0517578e-05

-0.00018310547

0.00016784668

-0.00032043457

0.00015258789

-0.000289917

1.5258789e-05

0.00045776367

0.00018310547

-0.00036621094

0.000289917

0.0

-0.00045776367

0.00022888184

0.00021362305

0.00021362305

0.00022888184

9.1552734e-05

1.3885498

-1.4119873

-0.77952576

0.70228577

0.59169006

-0.30226135

-0.4493103

0.086624146

0.30592346

0.01689148

-0.18887329

-0.055038452

0.10612488

0.04714966

-0.042297363

-0.021240234

0.006958008

0.007583618

-0.00045776367

-0.0019683838

-0.0006866455

0.0005950928

7.6293945e-05

-0.0005187988

0.00021362305

-0.00022888184

-0.00010681152

0.0002593994

-0.00010681152

-0.0002593994

-1.5258789e-05

-0.00015258789

-3.0517578e-05

-0.00016784668

-6.1035156e-05

6.1035156e-05

-7.6293945e-05

-0.0002593994

-1.5258789e-05

-0.00019836426

6.1035156e-05

-0.00036621094

0.0001373291

0.88430786

-0.16517639

-0.20022583

-0.17478943

-0.13754272

-0.10319519

-0.072006226

-0.04586792

-0.02545166

-0.010482788

-9.1552734e-05

0.005508423

0.008270264

0.011459351

0.015350342

0.007537842

0.0031280518

0.0010986328

0.00039672852

0.00030517578

4.5776367e-05

0.00015258789

0.00044250488

0.000289917

-0.00033569336

-1.5258789e-05

0.00016784668

-0.0001373291

0.00021362305

-1.5258789e-05

0.00035095215

0.0002593994

1.5258789e-05

-6.1035156e-05

0.00010681152

0.00032043457

0.000289917

0.00030517578

0.00033569336

6.1035156e-05

-0.00038146973

0.0002746582

0.00019836426

-0.8108978

1.2832031

-0.44657898

-0.32817078

0.4685974

-0.08099365

-0.22531128

0.17362976

0.03237915

-0.11753845

0.047668457

0.033859253

-0.033737183

0.0021362305

0.007095337

-0.002670288

-0.00079345703

0.00074768066

0.000289917

-0.0001373291

0.00045776367

0.00010681152

0.0002746582

-3.0517578e-05

-0.00024414062

-0.00010681152

-0.00015258789

0.000289917

0.00021362305

-3.0517578e-05

0.00015258789

0.00021362305

-0.00012207031

-0.00048828125

7.6293945e-05

0.0004272461

1.5258789e-05

-0.00030517578

4.5776367e-05

0.00016784668

0.00050354004

0.00018310547

-4.5776367e-05

0.56370544

-0.03715515

-0.1750946

-0.15751648

-0.1207428

-0.078933716

-0.045333862

-0.020233154

-0.0029296875

0.007217407

0.012191772

0.014434814

0.013473511

0.018829346

0.008514404

0.0030212402

0.00065612793

-0.0001373291

-0.00048828125

-0.00015258789

0.00036621094

9.1552734e-05

-0.00018310547

-0.00035095215

0.0001373291

-0.00038146973

-7.6293945e-05

-0.00012207031

0.00030517578

-0.00015258789

-7.6293945e-05

-0.00015258789

0.00019836426

-7.6293945e-05

0.00022888184

-0.00018310547

0.00039672852

0.00021362305

-0.00021362305

-0.00022888184

0.00016784668

0.00030517578

-0.00012207031

0.9862366

-1.6426086

0.17663574

0.8227234

0.04660034

-0.47459412

-0.18507385

0.23721313

0.19548035

-0.08381653

-0.15055847

0.0027008057

0.09529114

0.016448975

-0.03703308

-0.011978149

0.007369995

0.0050964355

-0.0004272461

-0.0018005371

-0.00016784668

0.00065612793

4.5776367e-05

-6.1035156e-05

7.6293945e-05

0.00030517578

-0.00021362305

0.00039672852

0.0

0.00048828125

-7.6293945e-05

-3.0517578e-05

0.00033569336

0.0001373291

-0.00033569336

-7.6293945e-05

-0.00015258789

0.00032043457

-1.5258789e-05

7.6293945e-05

4.5776367e-05

-0.00021362305

-0.0001373291

1.4819794

-2.8289948

1.8171082

0.059555054

-1.1892395

0.7361603

0.3327179

-0.69343567

0.20150757

0.33735657

-0.3383789

0.011932373

0.14196777

-0.06463623

-0.017791748

0.02772522

-0.0056610107

-0.0062408447

0.0047912598

0.00035095215

-0.001373291

0.00076293945

0.00018310547

-0.00030517578

0.00012207031

-3.0517578e-05

0.0001373291

0.00019836426

-6.1035156e-05

0.0002746582

-0.0001373291

4.5776367e-05

-0.00019836426

-0.00018310547

-0.00032043457

7.6293945e-05

-0.00021362305

0.0005187988

0.00048828125

0.00022888184

9.1552734e-05

-0.00012207031

0.00030517578

-0.6844635

1.5655365

-0.6941376

-0.7005615

0.28546143

0.49868774

-0.056350708

-0.32815552

-0.045394897

0.19493103

0.07595825

-0.10391235

-0.07267761

0.049575806

0.03515625

-0.009552002

-0.011764526

-4.5776367e-05

0.0032958984

0.00062561035

-0.0005645752

-0.00018310547

-0.0004272461

0.00038146973

-0.00012207031

-0.00021362305

0.0001373291

-6.1035156e-05

-7.6293945e-05

7.6293945e-05

-0.00016784668

0.00032043457

0.00016784668

0.000289917

-0.00044250488

0.00010681152

9.1552734e-05

0.00038146973

-0.00010681152

-0.00021362305

0.00047302246

-0.0005645752

-0.000289917

-0.20407104

0.40205383

-0.07392883

-0.12062073

-0.087005615

-0.04145813

-0.01008606

0.009628296

0.020492554

0.024520874

0.023925781

0.020812988

0.023666382

0.013320923

0.004272461

0.0013580322

6.1035156e-05

-0.00036621094

-0.00048828125

-0.00015258789

-0.00036621094

-0.00050354004

-0.00035095215

3.0517578e-05

-0.0002593994

-0.00032043457

-4.5776367e-05

-0.0001373291

-0.00033569336

0.00044250488

-0.00047302246

-0.00033569336

-0.00012207031

0.00012207031

0.00038146973

-0.00022888184

0.00030517578

-0.00010681152

-6.1035156e-05

9.1552734e-05

-0.00012207031

-7.6293945e-05

-0.0004119873

-0.030929565

0.29640198

-0.7996216

0.81526184

-0.13406372

-0.38682556

0.29542542

0.05871582

-0.20378113

0.08065796

0.0723114

-0.08680725

0.008010864

0.033096313

-0.014785767

-0.0026245117

0.003921509

-0.0005340576

-0.0010986328

0.00015258789

0.00033569336

-0.00019836426

-6.1035156e-05

-4.5776367e-05

4.5776367e-05

0.00021362305

0.00018310547

-0.00061035156

-0.00016784668

0.00024414062

-0.00033569336

6.1035156e-05

0.00018310547

-0.000289917

-0.00012207031

-0.00036621094

-0.00035095215

9.1552734e-05

-0.00033569336

-0.00012207031

-0.0002593994

-9.1552734e-05

9.1552734e-05

-0.65708923

0.5721588

0.012954712

-0.070129395

-0.046051025

-0.006088257

0.019058228

0.031799316

0.035507202

0.03401184

0.028503418

0.022644043

0.016021729

0.011581421

0.00289917

-0.0010070801

-0.0012359619

-0.0012359619

-0.00035095215

-0.00039672852

-0.0002593994

-0.0004272461

-7.6293945e-05

0.00015258789

-0.00012207031

-0.00019836426

0.00021362305

-0.00064086914

0.00044250488

9.1552734e-05

-4.5776367e-05

0.00048828125

-9.1552734e-05

-0.0002746582

-3.0517578e-05

-0.000289917

0.00035095215

4.5776367e-05

-0.00036621094

0.00012207031

-9.1552734e-05

0.00032043457

4.5776367e-05

0.24961853

0.56399536

-1.3674469

0.06387329

0.73461914

0.13006592

-0.43003845

-0.19104004

0.22320557

0.17640686

-0.095962524

-0.13494873

0.02633667

0.090667725

0.006515503

-0.050216675

-0.0069885254

0.012939453

0.0052948

-0.0025482178

-0.0021514893

0.00038146973

0.00047302246

0.00047302246

-3.0517578e-05

-0.00036621094

-0.0005645752

-0.00019836426

-1.5258789e-05

0.00038146973

-0.00015258789

-0.0001373291

-4.5776367e-05

0.00010681152

0.00022888184

3.0517578e-05

-0.00012207031

-6.1035156e-05

-9.1552734e-05

0.00012207031

3.0517578e-05

1.5258789e-05

-0.00015258789

2.2545319

-3.423111

0.9636078

1.1782532

-1.5444336

0.302948

0.8303833

-0.712204

-0.118621826

0.54818726

-0.25698853

-0.20664978

0.2957611

-0.043945312

-0.14248657

0.09388733

0.0075531006

-0.032821655

0.011398315

0.0054779053

-0.0061187744

0.00064086914

0.0011749268

-0.0007171631

0.00024414062

6.1035156e-05

0.00033569336

-0.00035095215

-0.00039672852

-0.00032043457

0.00015258789

-6.1035156e-05

-0.000289917

9.1552734e-05

-1.5258789e-05

0.00021362305

-0.00012207031

-0.00036621094

-0.00022888184

-0.00022888184

0.00035095215

0.0002746582

0.0002593994

-1.0563202

0.71939087

1.233841

-0.739151

-0.67097473

0.272583

0.49263

-0.0064086914

-0.31500244

-0.10108948

0.16551208

0.119277954

-0.06414795

-0.09580994

0.019363403

0.042022705

0.0019378662

-0.011184692

-0.003036499

0.002243042

0.0013427734

-3.0517578e-05

-0.0008239746

0.00012207031

0.0002593994

0.0001373291

3.0517578e-05

0.0001373291

6.1035156e-05

0.00016784668

-9.1552734e-05

0.00012207031

0.0001373291

-0.00036621094

-9.1552734e-05

0.00048828125

0.0004119873

-0.00022888184

-0.00024414062

-0.00018310547

0.0002746582

-0.00030517578

-0.00047302246

-1.2309418

0.56877136

0.2096405

0.05595398

0.040267944

0.062347412

0.06958008

0.06645203

0.057159424

0.04536438

0.03302002

0.022018433

0.01322937

0.0063171387

-0.00035095215

-0.006362915

-0.0045776367

-0.0031433105

-0.0014038086

-0.0005187988

-1.5258789e-05

-0.0004119873

0.0007019043

0.00036621094

-0.00012207031

0.00015258789

-7.6293945e-05

0.0004272461

1.5258789e-05

0.0002593994

0.00077819824

-0.00032043457

-0.00012207031

-0.0002593994

-0.0002593994

0.00035095215

-0.00033569336

-0.00019836426

0.000289917

-7.6293945e-05

-6.1035156e-05

0.00062561035

-0.00016784668

1.2965546

-1.9363403

0.9801941

-0.22619629

-0.36520386

0.276886

0.10656738

-0.19029236

0.0058898926

0.10298157

-0.03816223

-0.043914795

0.034072876

0.005050659

-0.008636475

-6.1035156e-05

0.0017700195

0.00021362305

-6.1035156e-05

0.00039672852

-0.00010681152

-0.00019836426

-4.5776367e-05

-0.00033569336

7.6293945e-05

0.0004272461

0.00033569336

-0.0005340576

0.00024414062

0.0001373291

-0.00015258789

0.00021362305

-0.00045776367

-6.1035156e-05

6.1035156e-05

-6.1035156e-05

-0.00047302246

-0.00019836426

-9.1552734e-05

-0.00033569336

-0.00035095215

0.00018310547

0.00015258789

-0.00010681152

-0.82403564

0.22058105

0.13822937

0.10079956

0.09855652

0.089157104

0.07348633

0.055282593

0.038589478

0.02407837

0.01272583

0.0047454834

-0.0022277832

-0.011550903

-0.006958008

-0.004135132

-0.0019989014

-0.0007171631

-0.00038146973

-3.0517578e-05

-0.00032043457

7.6293945e-05

4.5776367e-05

0.00036621094

0.00032043457

-0.00021362305

7.6293945e-05

-0.00035095215

-0.0002746582

0.00015258789

-0.00030517578

0.00010681152

-0.00033569336

-3.0517578e-05

4.5776367e-05

0.00039672852

-0.000289917

0.00016784668

-0.0007171631

-0.00016784668

-4.5776367e-05

-0.00012207031

-0.0002746582

0.42274475

0.26187134

-1.0186005

-0.1279602

0.56056213

0.21891785

-0.30030823

-0.21121216

0.13731384

0.16592407

-0.04536438

-0.11555481

0.00048828125

0.063430786

0.0050354004

-0.016693115

-0.0049438477

0.0031585693

0.0018615723

-0.0002746582

-0.00064086914

-3.0517578e-05

0.00035095215

0.0002746582

-0.0002593994

-0.0002746582

0.00016784668

0.0001373291

-0.0001373291

-7.6293945e-05

-1.5258789e-05

0.00012207031

-0.00038146973

0.0

-0.00019836426

-6.1035156e-05

0.00012207031

-0.0001373291

0.00036621094

-0.00038146973

-0.0004119873

6.1035156e-05

-0.00021362305

0.17242432

-1.1981049

2.0154724

-1.058548

-0.526001

1.0505066

-0.35354614

-0.4632721

0.54585266

-0.057556152

-0.3174591

0.22624207

0.018035889

-0.07891846

0.027542114

0.013244629

-0.01449585

0.0016784668

0.0035552979

-0.0020599365

-0.00032043457

0.0009918213

-0.00010681152

9.1552734e-05

0.00033569336

-0.00022888184

0.0002746582

0.00016784668

-0.00012207031

0.00018310547

-0.0001373291

1.5258789e-05

-0.00019836426

-0.00030517578

0.00039672852

-0.00012207031

0.00016784668

0.00019836426

0.00015258789

-0.00032043457

0.00030517578

7.6293945e-05

0.00033569336

-0.8305969

0.40872192

0.9829407

-0.2137909

-0.6109009

-0.013458252

0.38172913

0.10018921

-0.21629333

-0.11431885

0.10824585

0.09751892

-0.0446167

-0.058410645

0.011520386

0.019897461

0.001159668

-0.005554199

-0.0012054443

0.0013580322

0.00074768066

-4.5776367e-05

0.00033569336

0.00010681152

0.0002746582

0.00039672852

-0.00044250488

-0.0002593994

0.00012207031

0.0001373291

0.00021362305

0.0002593994

-0.00032043457

0.00015258789

0.0

-0.00030517578

9.1552734e-05

-0.00022888184

0.0005645752

6.1035156e-05

-0.0001373291

-7.6293945e-05

-0.0004119873

-0.77711487

0.13093567

0.1809082

0.1605835

0.1312561

0.09718323

0.066345215

0.040420532

0.020187378

0.0060272217

-0.0028381348

-0.008056641

-0.020553589

-0.013839722

-0.00680542

-0.0030670166

-0.0012207031

-0.0008392334

-7.6293945e-05

0.00050354004

0.000289917

0.00024414062

-6.1035156e-05

6.1035156e-05

-3.0517578e-05

-7.6293945e-05

0.0001373291

-7.6293945e-05

0.00016784668

-4.5776367e-05

-3.0517578e-05

-0.00033569336

0.00012207031

0.00012207031

-0.00019836426

-0.00035095215

1.5258789e-05

1.5258789e-05

-0.0004272461

-0.00048828125

6.1035156e-05

-1.5258789e-05

-6.1035156e-05

-0.6864624

1.1647491

-0.5643158

-0.14390564

0.36875916

-0.055648804

-0.18537903

0.09451294

0.06993103

-0.075912476

-0.012145996

0.04600525

-0.010757446

-0.013839722

0.0054473877

0.0027160645

-0.0015869141

-0.00032043457

0.0002746582

0.00032043457

7.6293945e-05

-0.0004272461

-7.6293945e-05

-0.00022888184

0.00016784668

0.00010681152

-9.1552734e-05

0.00021362305

0.00044250488

0.0002593994

-0.00016784668

-0.00018310547

0.0

0.0002593994

0.00038146973

0.00012207031

-0.0002746582

-9.1552734e-05

-0.00019836426

-0.00024414062

-0.00019836426

-0.00010681152

-3.0517578e-05

-0.55799866

-0.041030884

0.17160034

0.16436768

0.13201904

0.09283447

0.058944702

0.032806396

0.013656616

0.00018310547

-0.007537842

-0.0107421875

-0.011810303

-0.02015686

-0.009567261

-0.0037384033

-0.0014953613

-0.0001373291

0.00038146973

0.0002593994

0.00016784668

0.0

4.5776367e-05

-7.6293945e-05

-3.0517578e-05

-0.000289917

-6.1035156e-05

-7.6293945e-05

-0.0001373291

-3.0517578e-05

0.00032043457

-0.0004119873

9.1552734e-05

4.5776367e-05

-0.000289917

0.000289917

-9.1552734e-05

-7.6293945e-05

-0.00012207031

-0.00012207031

1.5258789e-05

-0.00016784668

9.1552734e-05

-1.3276367

1.7238464

0.27774048

-0.85865784

-0.27009583

0.4537964

0.2934265

-0.20895386

-0.24073792

0.06713867

0.1690979

0.0028381348

-0.1048584

-0.029815674

0.057128906

0.021484375

-0.018127441

-0.010284424

0.002609253

0.0035095215

-7.6293945e-05

-0.00076293945

-0.00048828125

-9.1552734e-05

0.00018310547

-0.00018310547

6.1035156e-05

-0.000289917

0.00035095215

0.0

0.00062561035

-0.00022888184

0.0

0.0001373291

0.0001373291

4.5776367e-05

-4.5776367e-05

9.1552734e-05

0.0

-0.00018310547

-0.00015258789

0.00032043457

-0.00012207031

1.7512665

-3.2750397

2.1467896

-0.11027527

-1.275528

0.9575653

0.19480896

-0.77241516

0.39831543

0.24269104

-0.42971802

0.13198853

0.193573

-0.21803284

0.032073975

0.07652283

-0.04324341

-0.0061187744

0.015701294

-0.004852295

-0.0031433105

0.0026855469

9.1552734e-05

-0.0006866455

0.00032043457

0.00032043457

-1.5258789e-05

0.0002746582

0.00033569336

6.1035156e-05

0.00035095215

4.5776367e-05

0.0005340576

-0.00010681152

-1.5258789e-05

-0.00022888184

-9.1552734e-05

0.00022888184

0.0001373291

-0.00019836426

4.5776367e-05

9.1552734e-05

0.00032043457

1.4676971

-2.4705963

0.5345154

1.0519867

-0.16558838

-0.6746521

-0.06977844

0.41236877

0.1499939

-0.2237854

-0.15151978

0.10243225

0.1211853

-0.03337097

-0.07035828

0.006134033

0.0209198

0.003112793

-0.0051879883

-0.001739502

0.0012207031

0.00038146973

-0.00012207031

-0.00045776367

0.00016784668

7.6293945e-05

0.00010681152

0.00016784668

6.1035156e-05

-0.00016784668

0.00024414062

-0.00033569336

0.000289917

-0.0002746582

-0.00019836426

-0.0004272461

-0.0002593994

1.5258789e-05

0.00024414062

0.00019836426

-1.5258789e-05

0.000289917

0.00036621094

0.33566284

-0.59051514

0.05342102

0.14050293

0.112350464

0.060897827

0.024139404

-1.5258789e-05

-0.014785767

-0.021850586

-0.023727417

-0.02142334

-0.018356323

-0.014251709

-0.012924194

-0.006149292

-0.0013427734

0.00039672852

0.00079345703

0.000289917

0.0004272461

0.000289917

0.00036621094

4.5776367e-05

1.5258789e-05

1.5258789e-05

-4.5776367e-05

-0.00015258789

0.0002746582

0.00038146973

0.00018310547

-0.0002746582

0.00015258789

0.0001373291

0.00024414062

-0.0002746582

-0.00018310547

0.0002746582

4.5776367e-05

0.00010681152

0.00021362305

-1.5258789e-05

0.00010681152

1.0695038

-1.7428284

0.82514954

0.14335632

-0.5805969

0.28074646

0.17929077

-0.26231384

0.04284668

0.12693787

-0.09524536

-0.020080566

0.05496216

-0.015670776

-0.008422852

0.005783081

4.5776367e-05

-0.0018157959

0.00039672852

-1.5258789e-05

0.0001373291

-0.00033569336

-0.00024414062

0.00016784668

-9.1552734e-05

9.1552734e-05

-0.00047302246

-0.00016784668

0.00012207031

1.5258789e-05

6.1035156e-05

0.00030517578

0.00033569336

0.00015258789

-6.1035156e-05

4.5776367e-05

0.00022888184

-0.0002746582

-6.1035156e-05

0.00038146973

0.00010681152

0.000289917

0.00039672852

0.8420563

-0.7549591

-0.060302734

0.06567383

0.059265137

0.02998352

-0.007369995

-0.029586792

-0.037979126

-0.03703308

-0.03126526

-0.023666382

-0.015548706

-0.006500244

0.0025787354

0.00390625

0.0027923584

0.0015106201

0.00038146973

0.00016784668

-7.6293945e-05

-0.00045776367

-0.00012207031

0.0

4.5776367e-05

9.1552734e-05

-9.1552734e-05

-4.5776367e-05

0.00036621094

-0.00018310547

-3.0517578e-05

-4.5776367e-05

0.00035095215

-0.00012207031

-0.0002593994

0.0004119873

9.1552734e-05

0.0

4.5776367e-05

7.6293945e-05

-4.5776367e-05

0.00012207031

0.00088500977

0.63949585

-1.6699524

1.2572479

0.38452148

-0.6374054

-0.3600006

0.30967712

0.30358887

-0.12123108

-0.2210083

0.021377563

0.1439209

0.021438599

-0.08305359

-0.018234253

0.026260376

0.010940552

-0.004928589

-0.004058838

0.0004272461

0.0014648438

-1.5258789e-05

-0.00065612793

-0.00030517578

-0.00015258789

0.0002746582

-0.00024414062

0.00022888184

0.00019836426

-0.00033569336

-6.1035156e-05

-0.00012207031

-0.00035095215

4.5776367e-05

-0.00021362305

0.00010681152

1.5258789e-05

0.0001373291

4.5776367e-05

0.00018310547

0.00030517578

4.5776367e-05

-9.1552734e-05

2.4631348

-3.5131989

0.8266144

1.1521912

-1.4528809

0.2890625

0.76379395

-0.7163849

-0.017456055

0.48820496

-0.322937

-0.09037781

0.21774292

-0.07067871

-0.03881836

0.03895569

-0.003768921

-0.010375977

0.005554199

0.0009918213

-0.0025024414

0.00047302246

7.6293945e-05

-0.00022888184

0.00016784668

7.6293945e-05

7.6293945e-05

-3.0517578e-05

-1.5258789e-05

3.0517578e-05

-0.00024414062

0.0002746582

0.00024414062

4.5776367e-05

-0.00022888184

-0.00019836426

0.00015258789

-0.00012207031

-0.00019836426

6.1035156e-05

-1.5258789e-05

0.00012207031

-4.5776367e-05

0.00019836426

0.8376312

-1.4220734

0.1567688

0.71847534

0.054092407

-0.43675232

-0.1463623

0.23780823

0.15213013

-0.11029053

-0.12362671

0.037719727

0.08622742

-0.013381958

-0.031814575

-0.0035705566

0.007980347

0.0027770996

-0.0018463135

-0.0006866455

0.0005493164

0.00033569336

-0.00012207031

6.1035156e-05

0.00018310547

0.0002746582

0.00021362305

-0.00032043457

-0.00033569336

-0.00010681152

0.00019836426

-0.00039672852

0.00018310547

4.5776367e-05

0.00039672852

0.0001373291

0.0001373291

0.00032043457

-4.5776367e-05

4.5776367e-05

-0.000289917

-6.1035156e-05

0.00012207031

0.67836

-0.23620605

-0.06210327

-0.032485962

-0.05618286

-0.064468384

-0.06201172

-0.05470276

-0.044189453

-0.032470703

-0.022277832

-0.01411438

-0.0046691895

0.002029419

0.0031280518

0.0019836426

0.0012054443

0.00079345703

3.0517578e-05

-0.00010681152

0.00012207031

-0.00010681152

0.00019836426

-0.00030517578

-9.1552734e-05

0.00021362305

1.5258789e-05

-0.0001373291

0.00030517578

-0.00016784668

-0.00012207031

-0.00033569336

-0.00016784668

0.0002593994

0.00036621094

-1.5258789e-05

0.00010681152

-0.00033569336

3.0517578e-05

6.1035156e-05

-0.00035095215

0.00010681152

-3.0517578e-05

-0.31040955

0.86906433

-0.9582367

0.3477173

0.3209076

-0.37908936

0.021118164

0.20829773

-0.1262207

-0.05168152

0.10044861

-0.02519226

-0.03666687

0.025909424

0.0010986328

-0.0064086914

0.0011444092

0.0007324219

-0.000289917

-0.00035095215

0.0002593994

0.0

0.00018310547

-0.00033569336

9.1552734e-05

7.6293945e-05

-0.00024414062

6.1035156e-05

-0.00022888184

0.00033569336

0.00035095215

9.1552734e-05

0.00035095215

-0.00032043457

-1.5258789e-05

0.00021362305

-0.00045776367

-4.5776367e-05

-0.00064086914

-6.1035156e-05

0.00019836426

6.1035156e-05

-0.00045776367

0.8967285

-0.31559753

-0.12852478

-0.07621765

-0.0831604

-0.08177185

-0.072143555

-0.058502197

-0.043151855

-0.029190063

-0.017593384

-0.008712769

-0.0011138916

0.008605957

0.0064849854

0.003967285

0.0017700195

0.0011138916

0.0006866455

4.5776367e-05

0.00016784668

0.0

-0.00038146973

1.5258789e-05

-9.1552734e-05

-4.5776367e-05

0.000289917

-0.00015258789

-0.000289917

7.6293945e-05

0.00012207031

0.0005187988

-0.0005187988

0.00016784668

4.5776367e-05

0.0002593994

0.00032043457

-0.00035095215

-0.00010681152

-0.0004119873

0.0001373291

0.00030517578

-9.1552734e-05

0.08081055

-1.0089111

1.0756836

0.42575073

-0.5294342

-0.3892517

0.23916626

0.30455017

-0.076934814

-0.21043396

-0.0023956299

0.13209534

0.03265381

-0.0743866

-0.03388977

0.033584595

0.01550293

-0.005844116

-0.00541687

0.00019836426

0.0019226074

0.00015258789

-0.00039672852

6.1035156e-05

-0.0001373291

0.0

0.00024414062

-9.1552734e-05

-9.1552734e-05

0.000289917

7.6293945e-05

-1.5258789e-05

0.000289917

0.00021362305

0.00036621094

0.00022888184

-0.00022888184

0.0

0.0005950928

4.5776367e-05

0.0005645752

-0.00024414062

-0.00024414062

-7.6293945e-05

