-0.0289917

-0.021362304999999998

0.018310547

-0.024414062

0.016784668

0.015258789

-0.012207031

-0.0091552734

0.0045776367

-0.0030517578

-0.045776367

0.013732910000000001

0.0091552734

-0.0045776367

-0.0091552734

-0.030517578

-0.019836426

0.036621094

0.0030517578

0.042724609999999996

0.0

15.489196999999999

-11.300659

-0.0076293945

0.024414062

0.0091552734

-0.035095215

-0.0091552734

0.0030517578

0.0045776367

-0.025939939999999998

-0.025939939999999998

0.027465820000000002

0.016784668

-0.0030517578

0.013732910000000001

-0.0030517578

-0.0061035156

0.022888184000000002

0.016784668

-0.030517578

-0.019836426

0.0030517578

-0.0076293945

-0.013732910000000001

0.010681152

-0.021362304999999998

-0.022888184000000002

-0.059509280000000005

-0.0076293945

-0.0091552734

-0.0091552734

0.0045776367

-0.0015258789

-0.018310547

-0.010681152

0.015258789

0.018310547

0.019836426

0.010681152

0.0015258789

0.0061035156

-0.010681152

-0.044250488

25.474548000000002

-21.276855

-0.024414062

-0.0045776367

0.033569336

0.0030517578

-0.036621094

0.015258789

-0.044250488

-0.013732910000000001

0.036621094

0.0030517578

0.0

0.0045776367

0.030517578

0.059509280000000005

-0.010681152

0.0030517578

-0.013732910000000001

0.0

0.042724609999999996

0.015258789

0.0030517578

0.030517578

-0.012207031

0.018310547

-0.039672852

0.07171630999999999

-0.0061035156

0.0015258789

0.050354003999999994

-0.0015258789

0.0015258789

-0.038146973

0.044250488

-0.027465820000000002

-0.054931640000000004

-0.016784668

0.019836426

0.022888184000000002

0.015258789

-0.012207031

-0.036621094

9.124756000000001

-4.8828125

-0.025939939999999998

0.025939939999999998

0.024414062

-0.018310547

-0.022888184000000002

-0.027465820000000002

0.024414062

-0.0045776367

-0.019836426

0.0

0.012207031

-0.041198729999999996

-0.0015258789

0.025939939999999998

-0.010681152

-0.018310547

0.021362304999999998

0.0

-0.015258789

-0.033569336

-0.021362304999999998

0.0061035156

0.022888184000000002

0.0015258789

0.0030517578

0.016784668

0.018310547

0.044250488

0.0289917

-0.0030517578

0.025939939999999998

0.0015258789

-0.024414062

0.0289917

-0.0091552734

0.018310547

-0.0076293945

-0.0030517578

0.010681152

-0.022888184000000002

0.0061035156

-8.920288

13.122559

0.0045776367

0.0289917

0.051879879999999996

-0.022888184000000002

0.0061035156

0.0061035156

-0.0289917

0.015258789

-0.027465820000000002

-0.0045776367

0.0091552734

-0.05340576

0.039672852

-0.032043457

-0.012207031

0.025939939999999998

-0.013732910000000001

-0.010681152

-0.018310547

0.025939939999999998

0.0

-0.0045776367

0.018310547

-0.0045776367

0.032043457

-0.030517578

-0.030517578

0.0045776367

-0.030517578

-0.0030517578

0.042724609999999996

0.030517578

-0.022888184000000002

-0.0030517578

-0.021362304999999998

0.0

-0.0015258789

0.024414062

0.013732910000000001

0.032043457

0.010681152

10.409546

-6.6711426000000005

0.46539307

0.0

-0.021362304999999998

0.0091552734

-0.0076293945

0.027465820000000002

0.038146973

-0.036621094

-0.025939939999999998

0.0076293945

-0.013732910000000001

-0.036621094

-0.018310547

0.0045776367

0.0289917

-0.0076293945

-0.0015258789

0.05645752

-0.0061035156

0.021362304999999998

0.0030517578

0.0076293945

-0.019836426

0.0061035156

0.0289917

-0.0045776367

0.0076293945

-0.0061035156

-0.013732910000000001

0.012207031

0.0091552734

-0.033569336

0.022888184000000002

-0.016784668

-0.0061035156

-0.019836426

0.019836426

0.0

0.0030517578

-0.015258789

-0.012207031

7.9589844

-15.740967

12.036133

-0.030517578

-0.042724609999999996

-0.0061035156

-0.0015258789

0.021362304999999998

0.012207031

0.0076293945

-0.050354003999999994

0.0061035156

0.030517578

0.050354003999999994

-0.012207031

0.021362304999999998

0.019836426

-0.0091552734

0.033569336

0.015258789

0.0076293945

0.0045776367

0.0061035156

-0.013732910000000001

0.012207031

-0.0091552734

0.0030517578

0.0045776367

-0.024414062

0.0045776367

0.044250488

0.07781982400000001

0.0045776367

0.0030517578

0.0

0.044250488

0.044250488

0.0045776367

-0.044250488

0.015258789

-0.051879879999999996

0.022888184000000002

-0.0289917

-0.56762695

26.416016

-21.617126

-0.0061035156

0.0045776367

0.022888184000000002

-0.018310547

0.025939939999999998

0.0015258789

0.027465820000000002

0.042724609999999996

-0.024414062

0.0015258789

-0.044250488

0.021362304999999998

0.032043457

-0.0015258789

-0.010681152

0.0061035156

-0.019836426

0.0030517578

0.039672852

-0.024414062

0.0091552734

0.0061035156

0.012207031

0.024414062

0.042724609999999996

-0.030517578

-0.024414062

0.024414062

-0.022888184000000002

0.016784668

0.07171630999999999

0.048828125

0.0015258789

-0.0045776367

0.048828125

-0.0061035156

-0.022888184000000002

-0.013732910000000001

-0.025939939999999998

-0.010681152

-0.0091552734

-20.211792

24.45221

-0.07171630999999999

0.019836426

0.010681152

-0.012207031

-0.050354003999999994

-0.016784668

0.039672852

-0.032043457

-0.032043457

-0.025939939999999998

-0.048828125

-0.0061035156

-0.0015258789

-0.048828125

-0.015258789

-0.045776367

0.027465820000000002

-0.010681152

0.0076293945

-0.018310547

-0.018310547

0.0289917

-0.0045776367

-0.013732910000000001

0.016784668

0.0045776367

0.015258789

-0.035095215

-0.035095215

0.018310547

-0.032043457

0.010681152

0.0015258789

-0.030517578

-0.0045776367

-0.0030517578

-0.036621094

-0.033569336

-0.016784668

0.030517578

-0.016784668

-0.8468628

5.1101685

0.032043457

0.025939939999999998

-0.015258789

-0.019836426

-0.016784668

-0.0045776367

-0.045776367

0.016784668

-0.024414062

0.027465820000000002

0.0

-0.0015258789

-0.0015258789

0.022888184000000002

-0.022888184000000002

-0.021362304999999998

-0.016784668

-0.0091552734

-0.022888184000000002

-0.0015258789

0.0076293945

-0.025939939999999998

-0.0579834

0.018310547

-0.025939939999999998

-0.025939939999999998

-0.015258789

-0.033569336

0.0076293945

-0.048828125

0.019836426

-0.021362304999999998

-0.045776367

0.039672852

0.0076293945

0.018310547

0.030517578

0.0

0.0076293945

-0.0091552734

-0.0030517578

-33.584595

37.83722

-0.061035156

-0.027465820000000002

0.054931640000000004

0.035095215

-0.0015258789

0.0091552734

0.016784668

0.019836426

0.0

0.044250488

-0.016784668

0.025939939999999998

0.0061035156

-0.012207031

-0.038146973

0.016784668

0.039672852

0.035095215

0.018310547

-0.044250488

0.024414062

-0.027465820000000002

0.0

0.019836426

-0.0030517578

0.013732910000000001

0.0

-0.021362304999999998

-0.012207031

-0.0076293945

0.0091552734

0.0030517578

-0.018310547

0.0015258789

0.048828125

0.030517578

0.0289917

-0.0061035156

0.035095215

0.0045776367

0.041198729999999996

13.882446000000002

-9.597778

-0.033569336

0.010681152

0.013732910000000001

0.024414062

0.013732910000000001

-0.054931640000000004

-0.0030517578

0.022888184000000002

-0.033569336

-0.018310547

-0.032043457

-0.044250488

-0.0091552734

0.025939939999999998

0.054931640000000004

0.019836426

-0.016784668

0.022888184000000002

-0.010681152

0.025939939999999998

0.012207031

-0.05340576

-0.015258789

0.019836426

0.013732910000000001

-0.027465820000000002

-0.039672852

0.038146973

0.021362304999999998

0.035095215

0.032043457

0.045776367

-0.032043457

0.039672852

-0.018310547

0.05645752

-0.010681152

0.0061035156

-0.0289917

0.0076293945

-0.030517578

8.302307

-4.020691

-0.019836426

-0.013732910000000001

0.0061035156

-0.030517578

0.0030517578

-0.012207031

0.038146973

-0.010681152

0.041198729999999996

0.061035156

-0.035095215

-0.024414062

0.022888184000000002

0.030517578

0.018310547

0.035095215

0.032043457

0.062561035

-0.024414062

-0.05645752

0.018310547

0.039672852

-0.022888184000000002

0.0

-0.025939939999999998

-0.0045776367

0.0061035156

-0.019836426

0.0076293945

-0.027465820000000002

-0.0091552734

0.012207031

-0.0015258789

0.010681152

-0.0076293945

0.015258789

-0.036621094

0.044250488

-0.019836426

-0.0091552734

-0.0030517578

24.118042

-19.889832

0.036621094

-0.024414062

-0.012207031

0.0030517578

-0.016784668

-0.018310547

-0.012207031

0.0091552734

0.018310547

0.0045776367

-0.041198729999999996

0.022888184000000002

-0.0015258789

-0.021362304999999998

0.016784668

-0.010681152

-0.025939939999999998

-0.019836426

0.045776367

-0.0045776367

0.025939939999999998

0.041198729999999996

-0.033569336

-0.012207031

0.024414062

0.0015258789

-0.021362304999999998

-0.0091552734

-0.0076293945

-0.047302246

-0.021362304999999998

-0.018310547

0.0015258789

-0.013732910000000001

0.0030517578

0.015258789

-0.016784668

-0.027465820000000002

0.0045776367

0.0

-0.018310547

28.959656

-24.705505

-0.033569336

-0.0091552734

0.018310547

-0.022888184000000002

-0.016784668

-0.039672852

0.0091552734

-0.027465820000000002

0.035095215

-0.013732910000000001

-0.0045776367

-0.032043457

0.0

0.013732910000000001

-0.045776367

0.0076293945

0.0045776367

0.021362304999999998

-0.065612793

0.012207031

0.0091552734

0.0076293945

-0.019836426

-0.051879879999999996

-0.0289917

0.0015258789

-0.0061035156

-0.045776367

-0.010681152

0.027465820000000002

-0.0076293945

-0.033569336

-0.013732910000000001

-0.033569336

0.0

0.030517578

0.0030517578

0.016784668

0.016784668

0.0

-0.012207031

32.164

-27.937317

-0.0015258789

-0.010681152

0.0289917

0.016784668

0.033569336

-0.033569336

0.0289917

0.0045776367

-0.032043457

0.010681152

-0.0015258789

0.0091552734

-0.015258789

-0.035095215

-0.0061035156

-0.030517578

0.010681152

0.019836426

0.018310547

0.038146973

0.021362304999999998

-0.012207031

-0.039672852

-0.0061035156

-0.015258789

0.0015258789

0.0

0.0030517578

0.010681152

-0.0076293945

-0.024414062

-0.038146973

0.019836426

-0.019836426

-0.013732910000000001

0.021362304999999998

-0.0076293945

0.027465820000000002

0.027465820000000002

0.024414062

-0.027465820000000002

4.1656494

0.08850097700000001

-0.016784668

0.0091552734

-0.0076293945

0.018310547

0.019836426

-0.041198729999999996

-0.027465820000000002

-0.016784668

0.035095215

0.045776367

-0.0030517578

-0.025939939999999998

-0.0061035156

-0.019836426

-0.0015258789

0.035095215

-0.035095215

-0.032043457

-0.012207031

0.0076293945

0.032043457

-0.041198729999999996

-0.010681152

-0.0015258789

0.0091552734

0.022888184000000002

-0.013732910000000001

0.0015258789

0.0076293945

-0.0061035156

-0.0015258789

-0.025939939999999998

-0.0015258789

0.018310547

0.032043457

-0.018310547

0.022888184000000002

-0.050354003999999994

0.016784668

0.0061035156

0.0015258789

13.76648

-9.477234

-0.025939939999999998

0.0030517578

-0.022888184000000002

-0.039672852

-0.0030517578

0.018310547

-0.0076293945

-0.0030517578

0.0091552734

-0.019836426

0.025939939999999998

-0.019836426

0.0091552734

0.0091552734

-0.044250488

0.0045776367

-0.032043457

0.033569336

0.021362304999999998

0.018310547

-0.016784668

-0.044250488

-0.0030517578

0.0045776367

0.0030517578

-0.0289917

-0.0076293945

0.0061035156

0.024414062

-0.039672852

0.015258789

0.0015258789

0.0

-0.021362304999999998

0.035095215

-0.0015258789

0.010681152

-0.0091552734

-0.0076293945

0.016784668

0.019836426

0.7369995

3.5095215

-0.012207031

0.010681152

-0.016784668

0.0015258789

-0.0091552734

-0.030517578

0.038146973

-0.0061035156

-0.021362304999999998

-0.019836426

0.05340576

-0.044250488

-0.025939939999999998

-0.0091552734

-0.0015258789

-0.015258789

0.012207031

0.0289917

0.012207031

0.015258789

0.032043457

-0.0015258789

0.024414062

-0.033569336

-0.021362304999999998

-0.0091552734

-0.0030517578

-0.0030517578

0.044250488

0.0030517578

0.0

-0.0076293945

-0.025939939999999998

-0.030517578

0.024414062

0.018310547

-0.013732910000000001

-0.013732910000000001

0.0

-0.0061035156

0.0015258789

6.924438500000001

-2.7053833

-0.030517578

0.0091552734

0.022888184000000002

-0.048828125

0.010681152

-0.0076293945

0.0076293945

-0.0045776367

0.0061035156

-0.012207031

0.0045776367

-0.016784668

-0.024414062

0.0030517578

0.0015258789

0.012207031

-0.033569336

0.041198729999999996

0.0

0.0045776367

0.019836426

0.015258789

0.033569336

0.0076293945

0.0091552734

0.021362304999999998

-0.010681152

0.0

0.016784668

-0.025939939999999998

-0.027465820000000002

0.0045776367

-0.0091552734

0.0076293945

0.021362304999999998

-0.033569336

0.030517578

0.0030517578

-0.027465820000000002

0.042724609999999996

-0.0091552734

7.423401

-7.305908

4.058838

-0.0030517578

-0.019836426

-0.0091552734

0.048828125

-0.019836426

0.0015258789

-0.025939939999999998

0.019836426

-0.0015258789

0.0

0.0091552734

-0.010681152

0.012207031

0.0045776367

-0.0030517578

0.0

0.0061035156

-0.016784668

-0.0030517578

0.012207031

-0.036621094

-0.059509280000000005

-0.013732910000000001

0.047302246

-0.0045776367

0.022888184000000002

-0.021362304999999998

0.0061035156

-0.016784668

0.0030517578

-0.0076293945

0.0076293945

-0.0061035156

-0.016784668

0.0030517578

-0.012207031

0.033569336

0.0076293945

0.013732910000000001

-0.010681152

0.013732910000000001

-37.998962

42.164612

-0.025939939999999998

-0.024414062

-0.015258789

-0.05340576

-0.044250488

-0.0045776367

-0.018310547

-0.024414062

0.035095215

-0.036621094

-0.0045776367

0.027465820000000002

0.012207031

-0.012207031

0.0091552734

-0.016784668

-0.016784668

0.0076293945

0.012207031

-0.024414062

0.021362304999999998

0.021362304999999998

0.0091552734

-0.010681152

-0.030517578

0.0030517578

0.019836426

0.0015258789

-0.013732910000000001

0.0091552734

0.0061035156

-0.032043457

-0.012207031

-0.018310547

0.027465820000000002

-0.015258789

0.0030517578

0.038146973

0.027465820000000002

-0.0061035156

1.5457153

14.848327999999999

-12.2421265

-0.033569336

-0.019836426

0.016784668

-0.0015258789

-0.036621094

0.027465820000000002

-0.0061035156

-0.030517578

0.010681152

0.025939939999999998

0.016784668

0.0015258789

-0.0045776367

-0.0076293945

0.051879879999999996

-0.013732910000000001

0.015258789

-0.0015258789

0.045776367

0.022888184000000002

0.0030517578

-0.0076293945

-0.013732910000000001

0.0015258789

0.05340576

-0.016784668

-0.012207031

0.019836426

0.036621094

-0.0015258789

-0.054931640000000004

0.012207031

-0.050354003999999994

-0.035095215

-0.041198729999999996

-0.038146973

0.010681152

-0.0061035156

0.021362304999999998

0.0

0.09765625

-27.792358

31.884766

-0.0061035156

0.0

0.025939939999999998

-0.0076293945

-0.015258789

0.041198729999999996

0.010681152

-0.013732910000000001

-0.033569336

-0.039672852

0.038146973

-0.016784668

-0.016784668

0.0045776367

0.0076293945

0.018310547

-0.035095215

-0.07019043

-0.010681152

-0.0076293945

0.038146973

-0.018310547

0.019836426

-0.021362304999999998

-0.021362304999999998

0.0091552734

0.0

0.015258789

-0.0091552734

-0.0030517578

-0.019836426

-0.0289917

0.016784668

0.018310547

-0.0061035156

0.015258789

0.059509280000000005

-0.0045776367

-0.025939939999999998

0.0015258789

-0.030517578

15.158081000000001

-10.980224600000001

-0.013732910000000001

-0.054931640000000004

0.015258789

-0.013732910000000001

-0.018310547

0.061035156

0.036621094

-0.0091552734

0.013732910000000001

0.013732910000000001

-0.025939939999999998

0.025939939999999998

0.016784668

-0.025939939999999998

0.027465820000000002

0.032043457

0.039672852

-0.0015258789

-0.032043457

0.016784668

0.013732910000000001

-0.038146973

0.0

0.024414062

0.027465820000000002

-0.010681152

0.045776367

-0.044250488

0.025939939999999998

-0.0061035156

0.0091552734

0.0061035156

-0.0076293945

0.0091552734

-0.013732910000000001

0.022888184000000002

-0.027465820000000002

0.012207031

-0.0091552734

-0.0030517578

0.0045776367

-21.652222

25.846863

0.0076293945

-0.010681152

0.015258789

-0.0015258789

-0.0045776367

0.044250488

-0.021362304999999998

0.010681152

-0.013732910000000001

0.0045776367

0.019836426

0.050354003999999994

0.030517578

-0.0289917

-0.038146973

-0.021362304999999998

-0.015258789

-0.027465820000000002

-0.033569336

0.019836426

0.032043457

-0.048828125

0.035095215

0.025939939999999998

0.035095215

-0.027465820000000002

-0.022888184000000002

0.019836426

-0.016784668

0.0289917

-0.012207031

0.0076293945

0.061035156

-0.050354003999999994

0.024414062

0.051879879999999996

-0.016784668

0.0015258789

-0.030517578

-0.010681152

-0.0076293945

-50.509643999999994

54.689026

0.016784668

0.0061035156

-0.021362304999999998

0.054931640000000004

-0.0030517578

0.015258789

0.018310547

0.0015258789

-0.022888184000000002

0.047302246

0.0091552734

-0.012207031

-0.010681152

0.027465820000000002

-0.033569336

0.012207031

0.030517578

-0.015258789

0.045776367

0.025939939999999998

-0.019836426

-0.0076293945

0.0030517578

0.0045776367

-0.010681152

-0.0076293945

0.030517578

0.0045776367

-0.018310547

0.016784668

0.030517578

0.0076293945

-0.018310547

0.030517578

-0.010681152

0.025939939999999998

-0.027465820000000002

-0.022888184000000002

0.0076293945

-0.0015258789

0.019836426

1.6342163

2.56958

-0.027465820000000002

-0.0030517578

0.021362304999999998

0.038146973

-0.044250488

-0.015258789

-0.0289917

-0.019836426

0.0579834

0.0030517578

-0.0030517578

-0.016784668

-0.016784668

-0.024414062

0.0

0.038146973

0.018310547

0.018310547

-0.0015258789

0.0

0.039672852

-0.018310547

0.013732910000000001

-0.027465820000000002

-0.018310547

0.0015258789

0.045776367

0.022888184000000002

-0.030517578

-0.0076293945

-0.018310547

0.016784668

0.045776367

-0.0289917

0.050354003999999994

0.0061035156

-0.044250488

0.025939939999999998

-0.025939939999999998

-0.022888184000000002

0.051879879999999996

-31.004333

35.276794

0.036621094

-0.018310547

0.038146973

0.010681152

-0.027465820000000002

-0.015258789

0.013732910000000001

0.010681152

-0.0289917

0.0091552734

-0.012207031

-0.0015258789

0.018310547

0.0

0.013732910000000001

-0.048828125

-0.016784668

0.0091552734

0.033569336

-0.0030517578

-0.0061035156

-0.024414062

-0.019836426

-0.0045776367

-0.0289917

-0.0076293945

0.0030517578

-0.0030517578

-0.018310547

0.015258789

0.0030517578

-0.016784668

-0.045776367

-0.015258789

-0.0289917

-0.030517578

0.019836426

-0.0045776367

0.0

0.035095215

0.0076293945

-4.826355

9.056090999999999

-0.018310547

0.0061035156

0.016784668

-0.0045776367

0.024414062

0.025939939999999998

0.0289917

0.019836426

-0.05340576

0.015258789

-0.021362304999999998

0.041198729999999996

-0.042724609999999996

0.0061035156

-0.041198729999999996

-0.0015258789

0.021362304999999998

0.0015258789

-0.012207031

0.012207031

-0.018310547

-0.035095215

0.0289917

-0.024414062

0.033569336

-0.015258789

0.0

0.0

-0.0061035156

0.0030517578

-0.036621094

0.021362304999999998

0.010681152

-0.0045776367

-0.035095215

0.0091552734

-0.0061035156

0.0091552734

0.0

-0.016784668

0.018310547

32.505798000000006

-28.306579999999997

-0.025939939999999998

-0.030517578

-0.025939939999999998

0.044250488

-0.021362304999999998

-0.06713867

0.0030517578

0.024414062

0.022888184000000002

0.036621094

-0.030517578

-0.0289917

-0.010681152

-0.027465820000000002

-0.033569336

0.0091552734

0.032043457

0.025939939999999998

0.012207031

0.030517578

0.027465820000000002

-0.0091552734

0.032043457

-0.010681152

0.036621094

-0.035095215

-0.0091552734

0.0061035156

-0.025939939999999998

0.013732910000000001

-0.042724609999999996

0.015258789

-0.0061035156

-0.030517578

-0.013732910000000001

-0.010681152

-0.0076293945

-0.016784668

0.0091552734

0.022888184000000002

0.0015258789

12.940979

-8.74176

-0.039672852

-0.0076293945

0.036621094

0.0030517578

0.038146973

0.013732910000000001

0.024414062

0.021362304999999998

0.0289917

0.018310547

0.0061035156

0.0076293945

-0.0015258789

-0.025939939999999998

0.021362304999999998

0.010681152

-0.021362304999999998

-0.033569336

-0.0030517578

-0.012207031

-0.039672852

0.0579834

0.032043457

-0.0061035156

-0.016784668

0.013732910000000001

0.0076293945

-0.0091552734

-0.016784668

0.0015258789

-0.018310547

-0.019836426

-0.050354003999999994

0.0061035156

-0.013732910000000001

-0.024414062

0.025939939999999998

-0.047302246

-0.027465820000000002

-0.015258789

0.0030517578

-3.8864136

8.16803

-0.018310547

0.019836426

0.024414062

-0.019836426

0.015258789

0.0

-0.044250488

0.042724609999999996

0.0045776367

-0.0030517578

-0.032043457

-0.025939939999999998

-0.010681152

0.022888184000000002

0.0289917

0.0030517578

0.0289917

-0.0061035156

-0.012207031

0.0091552734

-0.025939939999999998

-0.036621094

0.010681152

-0.0091552734

0.027465820000000002

-0.016784668

0.0045776367

0.0030517578

-0.0091552734

0.033569336

0.0

-0.010681152

0.0

-0.050354003999999994

0.021362304999999998

-0.018310547

-0.010681152

0.021362304999999998

0.0015258789

0.0

0.013732910000000001

-0.15563965

4.4265747

-0.015258789

-0.016784668

-0.039672852

0.041198729999999996

0.019836426

0.0076293945

-0.047302246

0.010681152

-0.013732910000000001

0.042724609999999996

0.036621094

-0.025939939999999998

-0.019836426

0.0045776367

0.0091552734

0.039672852

-0.012207031

-0.016784668

-0.015258789

0.0091552734

-0.0289917

-0.036621094

-0.012207031

0.035095215

0.032043457

-0.019836426

0.0045776367

0.0289917

0.027465820000000002

-0.0076293945

-0.045776367

-0.0015258789

-0.012207031

-0.050354003999999994

0.012207031

0.0015258789

-0.024414062

0.025939939999999998

0.010681152

0.013732910000000001

-0.05340576

-0.5142212

4.737854

-0.0045776367

-0.0030517578

-0.0091552734

-0.025939939999999998

-0.035095215

-0.048828125

0.0015258789

0.041198729999999996

-0.0076293945

0.0289917

-0.022888184000000002

0.0061035156

-0.012207031

-0.015258789

-0.015258789

-0.010681152

-0.021362304999999998

-0.0061035156

-0.0030517578

0.019836426

-0.036621094

0.019836426

0.012207031

0.0076293945

-0.019836426

0.022888184000000002

0.021362304999999998

0.024414062

0.0030517578

0.010681152

0.018310547

-0.0061035156

0.0

-0.025939939999999998

-0.0015258789

0.0289917

-0.0015258789

0.0091552734

0.0045776367

0.0030517578

0.0061035156

2.0126343

8.21991

-5.9295654

-0.024414062

-0.033569336

-0.0076293945

0.039672852

0.013732910000000001

0.0289917

-0.024414062

0.06866455

-0.021362304999999998

0.033569336

0.016784668

0.0030517578

-0.021362304999999998

0.013732910000000001

0.019836426

0.0045776367

0.0091552734

-0.013732910000000001

0.0015258789

0.0289917

-0.035095215

-0.016784668

-0.013732910000000001

0.036621094

0.012207031

0.013732910000000001

0.025939939999999998

0.036621094

-0.025939939999999998

-0.0030517578

-0.032043457

0.018310547

-0.0579834

0.0045776367

-0.0076293945

0.032043457

-0.042724609999999996

-0.065612793

-0.024414062

0.0289917

8.955383

-24.539185

19.866943

-0.048828125

-0.025939939999999998

0.019836426

0.016784668

-0.0091552734

0.0289917

0.021362304999999998

-0.0015258789

-0.010681152

-0.013732910000000001

0.0076293945

0.036621094

0.022888184000000002

-0.022888184000000002

-0.0289917

0.0061035156

0.030517578

-0.035095215

-0.012207031

0.0015258789

-0.045776367

0.015258789

0.0091552734

0.016784668

-0.013732910000000001

-0.019836426

0.010681152

0.0030517578

-0.013732910000000001

-0.021362304999999998

0.013732910000000001

-0.0061035156

0.041198729999999996

-0.015258789

0.0

0.0045776367

0.027465820000000002

-0.021362304999999998

0.050354003999999994

0.0061035156

1.5274048

35.182190000000006

-32.479858

-0.015258789

0.018310547

0.0289917

0.0061035156

-0.0076293945

-0.032043457

0.0061035156

-0.035095215

0.0

-0.021362304999999998

0.021362304999999998

-0.016784668

0.0030517578

0.042724609999999996

0.0045776367

-0.010681152

-0.0076293945

-0.010681152

-0.048828125

0.0030517578

0.0

-0.016784668

-0.035095215

-0.0045776367

0.0045776367

-0.013732910000000001

-0.019836426

-0.05340576

-0.0076293945

-0.0030517578

-0.0076293945

0.0076293945

-0.0045776367

-0.0045776367

0.048828125

0.024414062

-0.0091552734

0.0289917

-0.025939939999999998

0.0015258789

-0.065612793

23.716736

-19.502258

-0.0076293945

0.010681152

-0.019836426

-0.0091552734

-0.061035156

-0.051879879999999996

-0.0061035156

0.016784668

-0.0076293945

0.0076293945

-0.0030517578

-0.015258789

-0.013732910000000001

-0.032043457

0.024414062

0.061035156

-0.024414062

0.0

-0.0091552734

-0.015258789

0.010681152

-0.036621094

0.0076293945

-0.030517578

0.024414062

0.019836426

-0.0289917

-0.0015258789

0.0061035156

-0.032043457

0.0061035156

-0.013732910000000001

0.012207031

-0.0045776367

-0.0091552734

0.048828125

0.016784668

0.047302246

-0.0091552734

0.045776367

-0.048828125

7.533264000000001

-3.3111572

-0.024414062

0.0289917

-0.0045776367

-0.0015258789

0.015258789

-0.054931640000000004

0.042724609999999996

0.024414062

0.024414062

0.012207031

-0.025939939999999998

0.0030517578

-0.024414062

0.022888184000000002

-0.07019043

-0.0091552734

0.027465820000000002

0.0

0.0076293945

-0.05645752

-0.018310547

-0.0061035156

0.010681152

-0.016784668

0.0015258789

0.0061035156

0.013732910000000001

0.05340576

0.0289917

0.062561035

-0.027465820000000002

-0.0015258789

0.0030517578

-0.013732910000000001

0.042724609999999996

-0.036621094

-0.021362304999999998

-0.0076293945

-0.021362304999999998

-0.021362304999999998

-0.024414062

43.63861

-39.491272

-0.0030517578

0.0

0.0061035156

0.018310547

0.0076293945

-0.022888184000000002

-0.0289917

-0.044250488

-0.0030517578

-0.032043457

0.0289917

-0.047302246

-0.0030517578

-0.0091552734

0.012207031

-0.038146973

-0.016784668

-0.013732910000000001

0.0

0.0045776367

-0.036621094

0.0076293945

0.041198729999999996

-0.019836426

0.024414062

0.016784668

0.0015258789

-0.0091552734

0.024414062

-0.0076293945

-0.032043457

0.027465820000000002

0.0015258789

-0.027465820000000002

-0.012207031

-0.0091552734

0.016784668

0.010681152

-0.015258789

0.0076293945

0.019836426

29.917907999999997

-25.709534

-0.016784668

-0.0091552734

-0.048828125

0.045776367

-0.021362304999999998

-0.012207031

0.0045776367

-0.0061035156

-0.027465820000000002

0.016784668

-0.0015258789

0.015258789

0.0045776367

0.024414062

0.0076293945

-0.039672852

0.038146973

0.0076293945

0.0015258789

-0.013732910000000001

0.0076293945

-0.065612793

0.038146973

-0.021362304999999998

-0.0030517578

-0.0045776367

0.033569336

0.0091552734

-0.0076293945

0.015258789

0.0

0.0015258789

-0.048828125

-0.019836426

0.010681152

0.024414062

-0.030517578

0.036621094

0.016784668

-0.036621094

0.032043457

55.72815

-51.46178999999999

-0.0061035156

-0.05340576

-0.0091552734

-0.0061035156

0.022888184000000002

0.0289917

0.019836426

-0.025939939999999998

-0.0030517578

-0.0061035156

-0.010681152

0.0030517578

-0.051879879999999996

0.0

-0.047302246

0.0061035156

0.012207031

-0.015258789

0.012207031

0.021362304999999998

-0.021362304999999998

0.013732910000000001

-0.0091552734

0.0030517578

0.0

0.047302246

-0.041198729999999996

-0.033569336

0.012207031

-0.0289917

0.012207031

-0.0030517578

-0.0061035156

-0.039672852

-0.012207031

0.0

-0.016784668

0.022888184000000002

-0.047302246

0.036621094

0.030517578

-2.0629883

6.2942504999999995

-0.0061035156

-0.0015258789

0.0030517578

0.0076293945

-0.047302246

0.050354003999999994

-0.010681152

0.013732910000000001

0.012207031

0.0

0.015258789

0.0045776367

-0.024414062

-0.0030517578

-0.0091552734

0.016784668

0.033569336

-0.0076293945

-0.032043457

-0.021362304999999998

0.0061035156

0.0015258789

0.038146973

0.018310547

0.013732910000000001

0.0030517578

0.030517578

0.032043457

-0.025939939999999998

0.021362304999999998

0.0091552734

0.012207031

-0.019836426

0.015258789

0.0045776367

0.018310547

-0.0030517578

0.0289917

0.0015258789

-0.0091552734

0.013732910000000001

21.459961

-17.211914

-0.0030517578

0.010681152

-0.0289917

0.015258789

-0.015258789

0.015258789

0.012207031

-0.036621094

0.027465820000000002

-0.016784668

0.019836426

-0.0015258789

-0.039672852

-0.0076293945

0.030517578

0.010681152

0.012207031

0.0061035156

0.021362304999999998

-0.032043457

0.010681152

0.0015258789

0.012207031

0.0061035156

-0.0289917

-0.027465820000000002

-0.0030517578

-0.027465820000000002

-0.022888184000000002

-0.022888184000000002

-0.038146973

-0.0061035156

0.033569336

0.0091552734

0.018310547

-0.035095215

-0.0045776367

-0.027465820000000002

-0.016784668

0.016784668

0.0015258789

14.210510000000001

-10.028076

0.013732910000000001

-0.0045776367

0.0045776367

0.021362304999999998

0.012207031

0.030517578

0.032043457

0.0091552734

0.013732910000000001

-0.021362304999999998

-0.06713867

0.0076293945

-0.010681152

0.0076293945

0.030517578

0.018310547

0.013732910000000001

0.0289917

0.010681152

0.0015258789

0.0091552734

0.0015258789

-0.019836426

-0.0045776367

-0.0030517578

0.018310547

0.038146973

0.025939939999999998

0.013732910000000001

0.0061035156

0.0061035156

-0.012207031

-0.059509280000000005

-0.0045776367

0.0015258789

0.025939939999999998

0.0061035156

0.0061035156

0.016784668

-0.0030517578

-0.025939939999999998

1.6036986999999998

2.6412964

-0.038146973

0.013732910000000001

-0.019836426

-0.0061035156

0.024414062

0.024414062

-0.0076293945

-0.0030517578

0.042724609999999996

0.016784668

-0.035095215

-0.0045776367

0.036621094

0.013732910000000001

-0.025939939999999998

0.025939939999999998

0.0030517578

-0.044250488

-0.0091552734

-0.0091552734

0.016784668

-0.0091552734

0.0289917

-0.0091552734

-0.0061035156

0.013732910000000001

-0.0076293945

0.024414062

-0.0061035156

-0.059509280000000005

-0.036621094

0.033569336

-0.018310547

0.018310547

0.054931640000000004

0.015258789

0.010681152

-0.012207031

0.010681152

0.018310547

0.024414062

-15.455627

19.625854

-0.033569336

-0.036621094

-0.0076293945

-0.015258789

0.021362304999999998

0.035095215

-0.0015258789

-0.021362304999999998

0.0

-0.0030517578

-0.05340576

0.0289917

0.032043457

-0.018310547

0.016784668

-0.022888184000000002

0.0076293945

-0.044250488

-0.038146973

0.0

-0.0045776367

0.033569336

-0.025939939999999998

0.033569336

0.0061035156

0.0091552734

0.042724609999999996

0.0289917

0.047302246

-0.032043457

-0.0091552734

-0.019836426

0.0045776367

-0.012207031

0.010681152

0.0061035156

0.016784668

0.0

0.032043457

0.021362304999999998

0.035095215

12.030029

-7.7972410000000005

-0.027465820000000002

-0.025939939999999998

0.035095215

-0.013732910000000001

-0.0579834

-0.027465820000000002

-0.041198729999999996

0.027465820000000002

0.019836426

0.021362304999999998

0.013732910000000001

-0.027465820000000002

-0.030517578

-0.0091552734

0.022888184000000002

-0.021362304999999998

-0.012207031

0.013732910000000001

-0.018310547

0.0

-0.039672852

-0.012207031

-0.018310547

-0.0045776367

-0.065612793

-0.024414062

0.038146973

-0.0061035156

-0.0289917

-0.024414062

0.035095215

0.06713867

0.015258789

-0.0045776367

0.018310547

-0.039672852

0.039672852

0.0015258789

-0.010681152

0.019836426

-0.018310547

-2.5100708

6.719970999999999

-0.0289917

0.044250488

0.061035156

0.036621094

-0.032043457

0.0091552734

-0.019836426

0.0

0.0061035156

-0.015258789

0.019836426

0.010681152

-0.019836426

0.024414062

0.018310547

0.0061035156

0.033569336

0.019836426

-0.0076293945

-0.0061035156

0.059509280000000005

0.0

0.010681152

0.0076293945

0.016784668

0.030517578

0.012207031

0.033569336

0.016784668

-0.0061035156

0.0076293945

0.0030517578

-0.0030517578

0.0061035156

-0.0045776367

-0.039672852

-0.0061035156

0.012207031

-0.025939939999999998

-0.019836426

0.013732910000000001

-3.086853

11.404419

-4.1244507

-0.0030517578

-0.010681152

-0.012207031

0.041198729999999996

-0.038146973

-0.0015258789

0.0579834

-0.0015258789

0.039672852

0.032043457

-0.024414062

-0.0091552734

0.0

0.0076293945

-0.012207031

-0.041198729999999996

0.039672852

-0.036621094

0.042724609999999996

0.0091552734

0.0015258789

-0.032043457

-0.038146973

0.0015258789

-0.0076293945

0.0076293945

0.018310547

0.039672852

0.0

0.0030517578

0.033569336

-0.036621094

0.0061035156

-0.022888184000000002

-0.035095215

0.012207031

0.025939939999999998

-0.012207031

0.016784668

-0.0289917

4.685974

8.093262

-8.494568

-0.012207031

0.0030517578

0.021362304999999998

-0.019836426

-0.015258789

-0.030517578

0.0289917

0.019836426

-0.0091552734

0.039672852

0.0045776367

-0.045776367

0.016784668

0.0076293945

0.0

-0.012207031

0.036621094

0.018310547

0.0030517578

0.016784668

-0.035095215

0.019836426

0.019836426

-0.045776367

-0.015258789

0.021362304999999998

-0.018310547

0.042724609999999996

-0.038146973

-0.0076293945

0.033569336

-0.036621094

0.0076293945

-0.018310547

0.039672852

0.010681152

-0.010681152

-0.047302246

0.027465820000000002

0.012207031

-8.161926

-3.3432007

15.753174

-0.050354003999999994

0.0

0.0015258789

-0.025939939999999998

0.0015258789

-0.030517578

-0.0045776367

-0.041198729999999996

-0.0061035156

-0.0015258789

-0.045776367

0.045776367

-0.048828125

-0.038146973

-0.010681152

-0.0045776367

0.0015258789

-0.013732910000000001

0.018310547

-0.0091552734

-0.0091552734

0.013732910000000001

0.015258789

0.016784668

-0.042724609999999996

0.033569336

0.0045776367

0.051879879999999996

0.025939939999999998

0.018310547

0.0030517578

-0.0015258789

0.013732910000000001

-0.024414062

0.018310547

0.025939939999999998

-0.010681152

0.025939939999999998

-0.044250488

0.0289917

-1.6799927

21.063232000000003

-15.087890000000002

-0.044250488

0.0

-0.047302246

0.038146973

-0.0289917

0.027465820000000002

0.051879879999999996

-0.019836426

-0.033569336

0.036621094

-0.021362304999999998

0.015258789

0.018310547

-0.032043457

0.035095215

-0.039672852

-0.061035156

-0.047302246

0.025939939999999998

0.0045776367

-0.025939939999999998

-0.0091552734

-0.012207031

0.022888184000000002

0.024414062

-0.025939939999999998

0.0061035156

-0.010681152

0.0015258789

0.022888184000000002

-0.036621094

0.022888184000000002

-0.032043457

0.021362304999999998

-0.0030517578

-0.038146973

0.0061035156

0.012207031

-0.021362304999999998

0.012207031

-0.0076293945

19.891357000000003

-15.68451

0.022888184000000002

0.0091552734

-0.016784668

-0.0091552734

-0.021362304999999998

-0.015258789

0.0091552734

0.018310547

0.032043457

-0.0076293945

-0.0076293945

0.0289917

0.041198729999999996

0.0

0.012207031

0.0015258789

-0.033569336

0.010681152

0.0045776367

-0.0015258789

-0.030517578

-0.036621094

-0.016784668

-0.016784668

-0.010681152

0.0030517578

-0.016784668

-0.0061035156

-0.010681152

0.0030517578

-0.018310547

-0.016784668

0.010681152

0.0015258789

-0.030517578

0.019836426

0.019836426

0.030517578

0.012207031

0.0

0.013732910000000001

35.835266

-31.671143

-0.05645752

0.016784668

0.041198729999999996

-0.0061035156

0.033569336

0.033569336

0.013732910000000001

-0.025939939999999998

0.0030517578

0.015258789

-0.027465820000000002

0.012207031

0.0015258789

0.0015258789

0.0091552734

-0.030517578

-0.013732910000000001

0.0076293945

-0.0289917

-0.010681152

-0.0091552734

-0.021362304999999998

-0.030517578

0.0030517578

-0.027465820000000002

-0.022888184000000002

-0.035095215

0.016784668

0.0091552734

0.012207031

-0.0091552734

-0.013732910000000001

-0.013732910000000001

0.025939939999999998

-0.0030517578

-0.022888184000000002

-0.064086914

0.0045776367

-0.021362304999999998

-0.039672852

0.0045776367

-23.033142

27.238464

0.035095215

0.0061035156

0.0061035156

-0.021362304999999998

0.027465820000000002

-0.010681152

-0.0015258789

0.018310547

-0.0015258789

0.019836426

0.013732910000000001

-0.018310547

0.0015258789

-0.015258789

0.033569336

-0.019836426

0.0030517578

-0.027465820000000002

0.048828125

0.024414062

0.013732910000000001

0.0061035156

-0.0030517578

-0.035095215

0.013732910000000001

-0.019836426

-0.0076293945

0.0030517578

0.022888184000000002

-0.0045776367

0.027465820000000002

0.012207031

-0.038146973

0.0015258789

-0.030517578

-0.010681152

0.038146973

-0.0076293945

-0.0015258789

-0.039672852

-0.010681152

-11.170959499999999

15.428162

-0.030517578

0.015258789

0.032043457

0.0015258789

0.033569336

0.059509280000000005

-0.016784668

0.025939939999999998

0.0091552734

0.024414062

0.0030517578

-0.074768066

0.047302246

0.036621094

-0.0076293945

-0.012207031

0.042724609999999996

0.041198729999999996

-0.0061035156

-0.0045776367

-0.036621094

0.019836426

-0.018310547

-0.039672852

0.025939939999999998

0.0015258789

-0.0045776367

0.041198729999999996

0.0045776367

-0.0091552734

-0.027465820000000002

-0.041198729999999996

0.025939939999999998

0.0045776367

-0.010681152

0.035095215

0.010681152

-0.016784668

-0.010681152

-0.0015258789

-0.0091552734

-69.43207

73.609924

0.0030517578

-0.016784668

-0.016784668

-0.0015258789

0.0076293945

0.013732910000000001

0.0061035156

-0.0045776367

0.048828125

0.0076293945

-0.0030517578

0.022888184000000002

0.019836426

0.032043457

-0.012207031

0.015258789

-0.012207031

-0.010681152

0.010681152

-0.030517578

0.010681152

-0.010681152

-0.0061035156

-0.0045776367

0.0076293945

0.024414062

-0.0030517578

0.0076293945

-0.030517578

-0.019836426

0.0045776367

-0.027465820000000002

0.022888184000000002

-0.013732910000000001

-0.016784668

-0.0061035156

0.065612793

0.039672852

-0.024414062

0.0

0.022888184000000002

21.269226

-17.045593

-0.025939939999999998

-0.022888184000000002

-0.0091552734

0.0045776367

-0.047302246

0.016784668

-0.0091552734

0.0061035156

-0.0061035156

0.019836426

-0.0045776367

0.0

0.013732910000000001

0.032043457

-0.013732910000000001

0.012207031

-0.038146973

0.016784668

0.024414062

0.0289917

0.021362304999999998

-0.05340576

-0.051879879999999996

-0.038146973

0.0061035156

-0.0045776367

0.0061035156

-0.012207031

0.0015258789

-0.0091552734

-0.0076293945

-0.039672852

-0.015258789

-0.018310547

-0.0030517578

0.024414062

-0.021362304999999998

0.025939939999999998

-0.0091552734

0.0091552734

-0.0015258789

29.13971

-24.911499

-0.022888184000000002

-0.032043457

0.016784668

-0.012207031

-0.0076293945

0.0030517578

0.016784668

0.061035156

-0.024414062

-0.019836426

0.050354003999999994

0.0289917

0.0015258789

0.032043457

0.0045776367

0.0091552734

-0.0045776367

0.039672852

-0.025939939999999998

-0.035095215

0.0289917

-0.019836426

0.047302246

0.0

0.038146973

0.039672852

-0.07019043

0.0076293945

-0.0061035156

-0.010681152

0.013732910000000001

-0.013732910000000001

-0.0015258789

-0.019836426

-0.012207031

-0.016784668

0.059509280000000005

0.035095215

0.022888184000000002

-0.015258789

0.030517578

0.7675171

3.463745

-0.012207031

0.0091552734

-0.013732910000000001

0.018310547

0.012207031

-0.032043457

-0.013732910000000001

0.0

0.021362304999999998

-0.035095215

-0.0045776367

-0.035095215

-0.041198729999999996

-0.012207031

-0.021362304999999998

-0.0015258789

0.0015258789

-0.016784668

0.013732910000000001

-0.0076293945

-0.024414062

-0.018310547

0.022888184000000002

-0.033569336

-0.0015258789

0.06713867

-0.019836426

0.0091552734

0.0

0.0091552734

0.018310547

0.0045776367

-0.018310547

0.019836426

0.013732910000000001

-0.033569336

-0.0061035156

-0.013732910000000001

-0.013732910000000001

0.0061035156

0.021362304999999998

-20.646667

24.885558999999997

-0.015258789

0.021362304999999998

0.010681152

0.0

-0.010681152

0.019836426

0.041198729999999996

0.0061035156

-0.013732910000000001

-0.019836426

-0.024414062

0.018310547

0.0076293945

-0.0076293945

0.019836426

0.0061035156

-0.010681152

-0.045776367

0.0289917

0.018310547

0.010681152

0.032043457

0.042724609999999996

-0.012207031

0.024414062

-0.0076293945

-0.010681152

0.015258789

-0.018310547

-0.025939939999999998

0.039672852

-0.021362304999999998

0.027465820000000002

0.035095215

-0.018310547

-0.019836426

0.012207031

0.010681152

0.022888184000000002

-0.047302246

0.0045776367

0.58135986

3.6071777

-0.035095215

-0.038146973

0.0076293945

0.0030517578

0.021362304999999998

-0.0091552734

-0.0015258789

0.0061035156

0.0061035156

0.015258789

-0.0030517578

-0.016784668

-0.035095215

-0.0579834

-0.033569336

-0.013732910000000001

0.0091552734

-0.015258789

-0.0076293945

-0.015258789

-0.0076293945

-0.024414062

-0.074768066

-0.030517578

0.012207031

-0.015258789

-0.033569336

0.024414062

-0.0015258789

-0.0045776367

-0.0030517578

0.0091552734

0.015258789

0.010681152

-0.019836426

-0.0045776367

0.019836426

0.032043457

-0.0289917

-0.0061035156

0.015258789

9.0927124

-4.8812866

-0.0030517578

0.044250488

-0.016784668

0.044250488

0.013732910000000001

-0.044250488

-0.015258789

0.018310547

0.035095215

-0.0076293945

-0.0030517578

-0.0030517578

0.059509280000000005

0.012207031

-0.0045776367

-0.036621094

0.019836426

0.0015258789

0.0

0.0030517578

0.015258789

-0.019836426

0.0015258789

0.012207031

-0.015258789

-0.035095215

-0.0091552734

-0.0015258789

0.021362304999999998

0.0076293945

-0.035095215

-0.0015258789

0.019836426

-0.010681152

0.032043457

0.0091552734

-0.010681152

0.036621094

-0.0045776367

-0.030517578

-0.013732910000000001

0.010681152

3.2577515000000004

0.9201050000000001

-0.016784668

-0.018310547

0.05340576

0.0045776367

0.016784668

-0.025939939999999998

0.018310547

0.013732910000000001

0.0061035156

0.0015258789

-0.0015258789

-0.015258789

0.018310547

-0.0015258789

0.0015258789

0.018310547

-0.0015258789

0.010681152

0.0

-0.024414062

-0.024414062

-0.010681152

-0.010681152

-0.042724609999999996

-0.012207031

-0.036621094

0.018310547

0.025939939999999998

-0.015258789

-0.0289917

-0.0076293945

-0.010681152

0.012207031

-0.019836426

-0.030517578

0.010681152

-0.019836426

0.0

0.0091552734

0.016784668

-12.106323

23.414612

-7.064819

-0.015258789

0.036621094

-0.036621094

-0.0091552734

-0.018310547

-0.038146973

-0.016784668

-0.039672852

-0.027465820000000002

0.0

-0.0076293945

-0.0015258789

0.0015258789

0.047302246

0.0091552734

0.054931640000000004

-0.033569336

0.0045776367

0.021362304999999998

0.024414062

-0.035095215

0.022888184000000002

-0.0030517578

-0.019836426

0.0045776367

-0.013732910000000001

0.0045776367

0.0

-0.016784668

0.041198729999999996

0.0076293945

-0.010681152

-0.012207031

-0.018310547

0.025939939999999998

-0.06713867

0.0091552734

-0.010681152

0.033569336

0.0045776367

-4.1992188

-9.599304

18.013

-0.039672852

-0.019836426

-0.047302246

-0.0076293945

0.0015258789

0.054931640000000004

0.0030517578

-0.021362304999999998

-0.0015258789

0.010681152

-0.0030517578

0.041198729999999996

-0.010681152

0.0289917

0.010681152

-0.0030517578

-0.0045776367

0.016784668

0.018310547

0.025939939999999998

0.0091552734

0.039672852

0.012207031

0.035095215

-0.024414062

-0.016784668

0.0

-0.027465820000000002

0.010681152

-0.048828125

0.0030517578

0.030517578

0.047302246

0.0045776367

0.039672852

-0.033569336

0.039672852

-0.0015258789

-0.021362304999999998

-0.021362304999999998

1.6799927

33.200073

-30.70984

-0.021362304999999998

0.015258789

-0.0045776367

0.024414062

0.012207031

0.016784668

0.015258789

0.015258789

-0.027465820000000002

-0.025939939999999998

0.024414062

0.010681152

0.024414062

0.012207031

0.010681152

-0.012207031

-0.0289917

-0.0289917

-0.021362304999999998

-0.025939939999999998

-0.033569336

0.0061035156

0.045776367

0.025939939999999998

-0.015258789

0.012207031

-0.0015258789

-0.0061035156

-0.016784668

0.021362304999999998

0.036621094

-0.027465820000000002

0.064086914

0.045776367

0.019836426

-0.035095215

-0.010681152

0.010681152

0.0091552734

0.012207031

0.0015258789

23.03772

-18.840027

-0.0015258789

0.033569336

0.024414062

0.061035156

-0.024414062

0.012207031

0.018310547

0.0061035156

0.0030517578

-0.032043457

0.0076293945

-0.0061035156

0.012207031

-0.013732910000000001

-0.033569336

0.0015258789

-0.0015258789

-0.032043457

0.0091552734

0.0076293945

0.047302246

0.013732910000000001

0.012207031

0.018310547

0.033569336

0.024414062

-0.019836426

0.042724609999999996

-0.027465820000000002

-0.025939939999999998

0.024414062

-0.025939939999999998

0.041198729999999996

-0.018310547

-0.022888184000000002

-0.051879879999999996

-0.012207031

-0.0030517578

0.018310547

0.025939939999999998

0.0091552734

17.355347

-13.124084

-0.015258789

-0.012207031

-0.022888184000000002

0.013732910000000001

-0.0015258789

0.0289917

0.033569336

-0.022888184000000002

0.0045776367

-0.05340576

-0.042724609999999996

-0.012207031

-0.039672852

0.0076293945

-0.0030517578

0.0091552734

-0.0076293945

0.033569336

0.018310547

0.0061035156

-0.027465820000000002

0.012207031

-0.0061035156

0.012207031

0.036621094

-0.016784668

0.041198729999999996

0.047302246

0.039672852

0.027465820000000002

0.022888184000000002

-0.038146973

-0.048828125

-0.033569336

-0.012207031

-0.013732910000000001

0.025939939999999998

0.045776367

-0.015258789

0.027465820000000002

-0.0015258789

-6.439209

10.6933594

-0.039672852

0.0045776367

-0.0030517578

-0.015258789

-0.024414062

-0.027465820000000002

0.013732910000000001

0.041198729999999996

-0.0015258789

-0.041198729999999996

0.0091552734

0.0091552734

-0.010681152

0.0289917

-0.0061035156

-0.018310547

0.032043457

0.019836426

0.076293945

0.012207031

0.0289917

-0.025939939999999998

-0.019836426

0.054931640000000004

0.0061035156

0.032043457

-0.0045776367

0.022888184000000002

-0.019836426

0.025939939999999998

-0.018310547

-0.012207031

-0.033569336

-0.019836426

-0.038146973

-0.035095215

-0.021362304999999998

-0.015258789

0.013732910000000001

0.0015258789

-0.016784668

-73.30475

77.54364

-0.010681152

-0.0061035156

-0.0030517578

0.0015258789

0.0015258789

-0.0045776367

0.0045776367

-0.0045776367

0.0061035156

-0.021362304999999998

0.0579834

0.018310547

0.013732910000000001

-0.0030517578

-0.0076293945

0.0045776367

-0.035095215

-0.0289917

-0.0076293945

-0.012207031

0.0076293945

0.033569336

-0.033569336

0.035095215

-0.012207031

-0.024414062

-0.0045776367

0.018310547

-0.05645752

0.018310547

0.013732910000000001

-0.030517578

-0.041198729999999996

0.024414062

-0.018310547

-0.047302246

0.0289917

-0.015258789

-0.016784668

-0.041198729999999996

-0.033569336

-35.591125

39.874268

0.0

-0.0015258789

0.0045776367

-0.033569336

0.022888184000000002

0.016784668

0.0579834

0.022888184000000002

-0.048828125

-0.022888184000000002

-0.019836426

-0.0061035156

0.030517578

-0.0076293945

0.019836426

0.024414062

-0.025939939999999998

0.0030517578

-0.05340576

-0.025939939999999998

0.024414062

-0.036621094

0.019836426

-0.025939939999999998

-0.0030517578

-0.015258789

0.024414062

0.012207031

-0.044250488

0.0030517578

-0.0030517578

0.013732910000000001

0.0

0.013732910000000001

0.0

0.0061035156

-0.0045776367

0.024414062

0.0289917

0.024414062

-0.022888184000000002

3.6743164000000004

0.5432129

-0.05340576

-0.033569336

0.013732910000000001

0.041198729999999996

0.032043457

0.019836426

-0.030517578

0.0045776367

-0.0289917

0.030517578

0.0061035156

-0.030517578

-0.016784668

-0.015258789

0.019836426

-0.0030517578

0.0

-0.013732910000000001

0.048828125

0.018310547

0.021362304999999998

-0.0015258789

-0.0015258789

0.012207031

-0.039672852

0.012207031

0.022888184000000002

-0.0289917

-0.010681152

0.027465820000000002

-0.0091552734

0.051879879999999996

-0.036621094

-0.013732910000000001

-0.015258789

0.010681152

0.038146973

0.012207031

0.0

-0.0289917

-0.021362304999999998

11.175537

-6.930542000000001

-0.021362304999999998

-0.054931640000000004

0.0091552734

0.0015258789

-0.0076293945

-0.0061035156

-0.010681152

0.0091552734

0.042724609999999996

-0.0045776367

-0.010681152

0.0015258789

0.035095215

-0.013732910000000001

-0.041198729999999996

-0.0015258789

0.024414062

0.030517578

0.027465820000000002

0.012207031

-0.019836426

-0.0061035156

-0.0091552734

0.033569336

0.0091552734

-0.035095215

0.010681152

0.024414062

-0.022888184000000002

0.0091552734

0.0015258789

0.038146973

0.032043457

-0.0030517578

-0.016784668

-0.027465820000000002

0.0091552734

-0.024414062

-0.0076293945

-0.0579834

0.035095215

20.857239

-16.667175

-0.0289917

0.013732910000000001

0.0045776367

-0.022888184000000002

-0.016784668

0.013732910000000001

0.054931640000000004

0.0076293945

-0.0061035156

-0.021362304999999998

-0.025939939999999998

0.0045776367

-0.0076293945

0.018310547

0.025939939999999998

0.021362304999999998

0.018310547

0.015258789

0.012207031

0.05340576

0.0091552734

-0.0076293945

0.016784668

0.05340576

0.010681152

-0.010681152

-0.010681152

-0.010681152

0.036621094

-0.0015258789

0.036621094

0.093078613

-0.016784668

0.0076293945

-0.05340576

0.044250488

-0.030517578

-0.0061035156

0.012207031

0.038146973

0.0

0.19836426000000001

3.9611816

-0.019836426

0.013732910000000001

0.027465820000000002

0.0045776367

-0.015258789

-0.0015258789

-0.033569336

0.0061035156

-0.0076293945

-0.019836426

0.012207031

0.0091552734

-0.0289917

-0.010681152

0.013732910000000001

-0.0030517578

-0.035095215

0.0

0.045776367

-0.013732910000000001

0.048828125

0.010681152

-0.0091552734

-0.016784668

0.012207031

0.024414062

-0.044250488

0.019836426

0.018310547

0.0091552734

0.019836426

0.018310547

0.0015258789

-0.0076293945

-0.033569336

0.0289917

-0.0076293945

-0.045776367

0.044250488

-0.0015258789

-0.022888184000000002

-8.416748

12.670898

-0.07324219

0.022888184000000002

0.015258789

-0.021362304999999998

-0.021362304999999998

0.0

0.022888184000000002

-0.035095215

-0.010681152

0.013732910000000001

-0.0091552734

-0.042724609999999996

0.027465820000000002

0.045776367

0.013732910000000001

0.016784668

0.0

-0.015258789

0.033569336

-0.010681152

0.0045776367

0.0045776367

0.044250488

-0.022888184000000002

0.041198729999999996

-0.030517578

0.0076293945

0.0076293945

-0.010681152

0.0015258789

0.0076293945

-0.0045776367

0.0015258789

0.0030517578

0.013732910000000001

-0.016784668

0.010681152

0.0289917

0.027465820000000002

0.027465820000000002

0.025939939999999998

-3.8009644000000002

7.965088

-0.010681152

-0.012207031

0.0

0.024414062

0.012207031

0.021362304999999998

0.021362304999999998

-0.022888184000000002

0.032043457

0.0030517578

-0.0015258789

-0.0076293945

-0.022888184000000002

-0.0091552734

0.030517578

-0.019836426

0.044250488

-0.018310547

0.010681152

-0.022888184000000002

0.015258789

0.033569336

-0.0045776367

-0.024414062

0.027465820000000002

-0.022888184000000002

-0.018310547

-0.021362304999999998

0.0030517578

-0.0045776367

-0.0289917

0.036621094

-0.0289917

-0.032043457

-0.012207031

0.0

0.0091552734

-0.019836426

-0.016784668

-0.021362304999999998

-0.025939939999999998

-4.396057

5.1254272

3.439331

-0.013732910000000001

-0.051879879999999996

0.015258789

0.0091552734

-0.0030517578

-0.0091552734

-0.012207031

0.0061035156

0.012207031

0.0061035156

0.012207031

-0.024414062

-0.012207031

0.016784668

0.025939939999999998

0.021362304999999998

-0.0061035156

-0.0030517578

0.0076293945

-0.0030517578

0.0

0.012207031

-0.0015258789

-0.0091552734

0.0091552734

-0.036621094

0.0076293945

-0.010681152

0.012207031

-0.0045776367

-0.010681152

-0.015258789

-0.035095215

-0.045776367

0.0076293945

0.033569336

-0.0289917

0.025939939999999998

0.033569336

-0.024414062

-8.892822

53.785706

-40.71808

0.0289917

0.022888184000000002

0.035095215

0.0015258789

0.015258789

0.018310547

0.0045776367

0.041198729999999996

0.0076293945

0.0061035156

-0.016784668

0.0015258789

-0.0015258789

-0.045776367

0.036621094

-0.0289917

0.0091552734

0.022888184000000002

0.0030517578

0.0030517578

0.0091552734

0.010681152

-0.021362304999999998

-0.0030517578

0.036621094

-0.0091552734

0.0061035156

-0.021362304999999998

-0.0015258789

-0.013732910000000001

-0.0045776367

-0.015258789

-0.0030517578

-0.0030517578

0.0045776367

-0.048828125

-0.022888184000000002

0.0076293945

0.0091552734

0.0091552734

-5.8517456

-2.5741577

12.670898

-0.024414062

-0.039672852

0.0076293945

-0.0091552734

-0.0030517578

-0.010681152

0.0061035156

-0.0045776367

0.021362304999999998

0.0076293945

-0.0045776367

0.033569336

-0.019836426

-0.018310547

-0.019836426

-0.019836426

-0.035095215

0.0289917

0.0

-0.054931640000000004

0.019836426

-0.0061035156

-0.016784668

-0.038146973

-0.0030517578

0.016784668

0.0076293945

-0.0076293945

0.024414062

-0.018310547

0.022888184000000002

0.018310547

-0.032043457

0.012207031

-0.019836426

-0.019836426

0.016784668

0.0030517578

-0.018310547

-0.0289917

6.639099

-2.8640747

0.43029785

0.013732910000000001

-0.019836426

0.035095215

0.019836426

0.035095215

0.016784668

0.045776367

-0.012207031

-0.019836426

0.0015258789

-0.0061035156

-0.05645752

0.019836426

0.0030517578

0.013732910000000001

-0.030517578

-0.0045776367

-0.018310547

0.0061035156

-0.013732910000000001

-0.021362304999999998

-0.0061035156

-0.036621094

-0.012207031

0.0045776367

0.0015258789

0.042724609999999996

-0.012207031

-0.051879879999999996

0.047302246

-0.033569336

0.021362304999999998

0.022888184000000002

-0.036621094

-0.016784668

-0.0030517578

-0.0076293945

-0.016784668

-0.010681152

0.038146973

-0.0030517578

-12.513732999999998

16.671753

0.010681152

-0.0015258789

-0.021362304999999998

-0.0045776367

0.018310547

0.0289917

0.0030517578

-0.019836426

-0.013732910000000001

0.016784668

0.024414062

-0.016784668

0.045776367

0.0030517578

0.013732910000000001

0.027465820000000002

0.0

0.0579834

0.010681152

0.012207031

0.054931640000000004

0.0045776367

0.0

-0.010681152

-0.0076293945

-0.032043457

-0.0015258789

-0.018310547

0.0061035156

-0.019836426

0.0091552734

0.0076293945

0.059509280000000005

0.0061035156

0.025939939999999998

-0.039672852

0.0076293945

-0.041198729999999996

0.036621094

0.013732910000000001

0.048828125

30.978393999999998

-26.72882

-0.012207031

-0.016784668

0.0061035156

0.0045776367

-0.0015258789

-0.030517578

0.0091552734

0.0015258789

0.015258789

0.027465820000000002

-0.035095215

-0.047302246

0.036621094

0.024414062

0.0045776367

0.0030517578

-0.0061035156

0.015258789

0.019836426

0.018310547

-0.0076293945

-0.036621094

-0.010681152

0.054931640000000004

-0.010681152

-0.032043457

0.0

0.013732910000000001

-0.0030517578

0.022888184000000002

0.0030517578

0.050354003999999994

-0.013732910000000001

0.0030517578

0.030517578

-0.0045776367

-0.0030517578

-0.010681152

0.012207031

0.010681152

-0.019836426

7.0251465

-2.8244019

-0.0061035156

0.015258789

0.016784668

0.050354003999999994

-0.025939939999999998

-0.012207031

-0.051879879999999996

-0.0076293945

0.0076293945

0.013732910000000001

0.0579834

0.012207031

0.030517578

0.025939939999999998

0.032043457

-0.0030517578

-0.0289917

0.0061035156

0.0045776367

-0.012207031

0.038146973

0.030517578

0.0289917

0.0030517578

0.016784668

0.0091552734

-0.025939939999999998

0.042724609999999996

-0.015258789

0.021362304999999998

-0.016784668

-0.048828125

0.042724609999999996

-0.021362304999999998

-0.021362304999999998

-0.018310547

-0.032043457

0.033569336

0.013732910000000001

0.022888184000000002

0.010681152

-19.615173

23.841858

-0.019836426

0.0

-0.013732910000000001

-0.0045776367

-0.013732910000000001

-0.025939939999999998

0.030517578

-0.044250488

0.019836426

0.013732910000000001

-0.024414062

-0.0091552734

0.0076293945

-0.016784668

0.021362304999999998

0.022888184000000002

-0.021362304999999998

0.0045776367

0.042724609999999996

0.0030517578

0.012207031

-0.062561035

0.039672852

0.025939939999999998

-0.0045776367

-0.012207031

0.030517578

-0.030517578

0.015258789

-0.0061035156

-0.019836426

-0.021362304999999998

-0.0061035156

0.012207031

-0.0076293945

-0.0579834

-0.0015258789

0.0061035156

-0.030517578

-0.044250488

0.0289917

47.244263

-43.008423

-0.012207031

0.0015258789

0.0015258789

0.0061035156

0.0076293945

-0.0045776367

0.035095215

0.030517578

0.010681152

-0.0076293945

0.024414062

-0.0030517578

-0.044250488

-0.0091552734

-0.047302246

-0.045776367

0.033569336

-0.022888184000000002

-0.027465820000000002

-0.027465820000000002

0.032043457

-0.0076293945

-0.024414062

0.018310547

0.0061035156

0.039672852

-0.027465820000000002

0.019836426

0.0076293945

0.0289917

-0.030517578

-0.015258789

0.022888184000000002

0.0076293945

-0.030517578

-0.018310547

0.0

0.018310547

0.016784668

-0.013732910000000001

-0.0091552734

-34.82666

39.068604

-0.0045776367

0.027465820000000002

-0.025939939999999998

0.015258789

-0.019836426

0.0030517578

-0.0030517578

0.010681152

-0.013732910000000001

-0.0015258789

-0.0015258789

-0.010681152

0.032043457

0.041198729999999996

0.0289917

0.0076293945

-0.018310547

0.013732910000000001

-0.0015258789

-0.024414062

-0.013732910000000001

0.0

-0.016784668

0.030517578

-0.045776367

0.010681152

0.012207031

-0.021362304999999998

0.0076293945

0.015258789

0.0091552734

0.0289917

-0.0076293945

0.0015258789

0.024414062

-0.035095215

0.0030517578

0.0

-0.027465820000000002

-0.0045776367

0.0015258789

-11.1343384

15.341187000000001

-0.047302246

0.039672852

0.019836426

0.013732910000000001

0.013732910000000001

-0.030517578

0.018310547

0.015258789

-0.0061035156

-0.0289917

0.0061035156

0.0076293945

-0.015258789

-0.044250488

0.019836426

0.019836426

0.0

0.016784668

0.022888184000000002

0.032043457

0.0076293945

-0.0076293945

-0.021362304999999998

0.0

-0.0045776367

-0.0061035156

-0.039672852

0.018310547

-0.015258789

-0.033569336

0.0

0.0030517578

0.025939939999999998

-0.047302246

-0.0045776367

-0.0061035156

0.0289917

-0.0091552734

0.041198729999999996

-0.019836426

-0.035095215

-29.234314

33.511353

-0.019836426

-0.0045776367

0.015258789

-0.0015258789

0.0045776367

0.0061035156

0.012207031

0.012207031

-0.0076293945

0.015258789

0.032043457

-0.025939939999999998

-0.021362304999999998

0.0030517578

0.041198729999999996

-0.025939939999999998

0.024414062

0.015258789

-0.042724609999999996

-0.021362304999999998

-0.036621094

-0.030517578

0.012207031

-0.015258789

-0.0061035156

0.021362304999999998

-0.042724609999999996

0.047302246

0.047302246

-0.024414062

0.016784668

0.024414062

-0.065612793

0.0076293945

0.0

-0.042724609999999996

-0.035095215

0.016784668

0.05645752

-0.036621094

0.038146973

7.0755004999999995

-2.8503418

-0.010681152

0.032043457

0.0030517578

0.0030517578

0.0289917

-0.0289917

0.027465820000000002

-0.019836426

-0.021362304999999998

-0.027465820000000002

0.025939939999999998

0.0030517578

0.013732910000000001

0.013732910000000001

-0.013732910000000001

0.0076293945

0.016784668

0.039672852

-0.019836426

0.019836426

0.019836426

-0.010681152

-0.0091552734

0.030517578

-0.015258789

-0.0015258789

-0.013732910000000001

-0.018310547

-0.022888184000000002

0.0015258789

-0.05340576

-0.033569336

0.015258789

-0.015258789

0.0015258789

0.0

0.022888184000000002

0.022888184000000002

-0.010681152

-0.021362304999999998

-0.0030517578

7.1502685999999995

-2.9296875

-0.027465820000000002

-0.030517578

0.0

-0.030517578

0.0091552734

-0.013732910000000001

0.0045776367

0.016784668

0.0091552734

0.012207031

0.0045776367

0.044250488

-0.0015258789

-0.0076293945

0.0076293945

0.0015258789

-0.042724609999999996

-0.0045776367

0.019836426

-0.061035156

-0.010681152

0.018310547

-0.018310547

0.050354003999999994

0.013732910000000001

-0.0091552734

-0.044250488

0.012207031

-0.0076293945

0.019836426

-0.027465820000000002

-0.013732910000000001

0.032043457

0.013732910000000001

-0.0045776367

0.016784668

-0.033569336

-0.022888184000000002

-0.012207031

-0.016784668

0.021362304999999998

5.7312009999999995

-1.4358520499999998

-0.033569336

-0.051879879999999996

-0.018310547

-0.025939939999999998

-0.035095215

-0.041198729999999996

-0.025939939999999998

-0.012207031

-0.012207031

-0.016784668

0.018310547

-0.0061035156

-0.0091552734

-0.019836426

-0.010681152

-0.0030517578

-0.041198729999999996

0.038146973

0.015258789

0.013732910000000001

0.019836426

0.0030517578

0.033569336

-0.015258789

-0.032043457

0.021362304999999998

0.016784668

-0.019836426

-0.012207031

-0.05340576

0.051879879999999996

0.0289917

-0.016784668

0.021362304999999998

0.0091552734

-0.0091552734

-0.032043457

0.033569336

-0.044250488

-0.019836426

0.0015258789

-10.803223000000001

8.444214

6.5841675

-0.036621094

-0.021362304999999998

0.015258789

0.0061035156

0.024414062

-0.019836426

0.016784668

-0.0045776367

0.016784668

0.018310547

0.033569336

-0.025939939999999998

-0.032043457

0.048828125

0.051879879999999996

0.021362304999999998

0.013732910000000001

-0.018310547

-0.048828125

-0.0076293945

0.0

-0.0091552734

-0.0061035156

-0.019836426

-0.0289917

-0.021362304999999998

0.018310547

-0.024414062

0.016784668

0.015258789

-0.012207031

-0.0091552734

0.0045776367

-0.0030517578

-0.045776367

0.013732910000000001

0.0091552734

-0.0045776367

-0.0091552734

-0.030517578

-6.372070000000001

21.783447

-11.1846924

0.019836426

-0.0030517578

-0.022888184000000002

-0.015258789

-0.018310547

0.021362304999999998

0.013732910000000001

-0.035095215

-0.0091552734

0.0030517578

0.0045776367

-0.025939939999999998

-0.025939939999999998

0.027465820000000002

0.016784668

-0.0030517578

0.013732910000000001

-0.0030517578

-0.0061035156

0.025939939999999998

